8667053067_R01C01 -0.792146682739 -2.38181996346 0.429503262043 2.38054800034 1.40161085129 0.38396281004
8667053067_R02C01 -1.53427553177 -0.984468221664 -1.64289617538 1.34925675392 -0.105238601565 -0.323974430561
8667053067_R03C01 0.741318106651 -2.68540811539 4.54074048996 3.7220749855 0.157598972321 0.577991902828
8667053067_R04C01 -1.94152235985 0.220512896776 -0.759873151779 0.532853841782 -0.846431493759 0.0867039859295
8667053067_R05C01 -1.60752105713 -0.512300372124 2.13271999359 0.957604169846 0.0986622869968 0.565266609192
8667053067_R06C01 -3.08133745193 0.434283792973 2.72030472755 -0.138415038586 0.100880019367 0.753293275833
8667053067_R01C02 -0.937172472477 -2.52079629898 -1.27245235443 2.09922170639 1.95187139511 -0.149440914392
8667053067_R02C02 -0.693106412888 -2.24274682999 -0.366171717644 1.63702344894 0.511158168316 -0.0309115573764
8667053067_R03C02 -1.34447693825 -1.10827243328 -1.62078726292 1.96226096153 -0.248487710953 -0.46096816659
8667053067_R04C02 -0.26610159874 -1.33981776237 4.75402402878 3.48221564293 -0.521789371967 -0.0525258779526
8667053067_R05C02 -2.57484912872 0.202298298478 -0.0342175513506 0.937582015991 -0.800648808479 0.129191175103
8667053067_R06C02 -2.54237389565 0.049742385745 0.530295372009 0.274399101734 -0.365814805031 -0.219799131155
8667053052_R01C01 -1.85174703598 -0.786128878593 -3.6138715744 -0.320522725582 1.3988134861 -0.880567193031
8667053052_R02C01 -2.37658643723 -0.203771561384 0.894266426563 -1.73770856857 1.68193340302 0.828837156296
8667053052_R03C01 -2.64302897453 0.0409304201603 -0.139646798372 -2.16055178642 1.07572031021 0.521174907684
8667053052_R04C01 -2.38961815834 -0.334186851978 1.83555698395 -1.01214265823 0.737982332706 0.252481222153
8667053052_R05C01 -3.49180698395 0.776847362518 -0.937061071396 -2.23918390274 0.832287430763 0.211904376745
8667053052_R06C01 -5.5798740387 1.68135619164 -1.37227725983 -2.33427810669 -0.127001851797 -0.193307220936
8667053052_R01C02 -2.13223075867 -1.58474695683 -0.515644669533 0.266199916601 2.06087827682 -0.328249365091
8667053052_R02C02 -2.27993941307 -0.914499402046 1.9110532999 -1.00766658783 1.6268645525 0.476082801819
8667053052_R03C02 -3.03349947929 0.307661116123 1.20847463608 -1.88416528702 1.62763476372 0.412689656019
8667053052_R04C02 -3.28983736038 0.0532699972391 0.89501029253 -1.57311534882 1.01645159721 -0.039863422513
8667053052_R05C02 -3.6712937355 0.778665304184 0.859697699547 -1.43566954136 0.312297552824 0.109296455979
8667053052_R06C02 -3.44198870659 0.574366569519 -0.0555729269981 -1.41861701012 0.0499470233917 -0.399833679199
8667053086_R01C01 -3.31145429611 -0.395103514194 -3.37966775894 -0.817225158215 2.62423872948 -0.330054700375
8667053086_R02C01 -4.29246997833 0.122433200479 0.715164780617 -0.809908390045 1.61596620083 0.3124563694
8667053086_R03C01 -5.04717350006 0.836971879005 -0.380056858063 -2.52043247223 1.34287929535 0.384903132915
8667053086_R04C01 -3.57212233543 -0.485567718744 -0.417252212763 -0.93122947216 1.05836248398 -0.166840165854
8667053086_R05C01 -3.57461571693 0.0223349183798 2.27986812592 -1.03228282928 1.34599864483 1.12149918079
8667053086_R06C01 -3.74513268471 0.457018136978 1.55886352062 -0.674475729465 0.97601890564 0.338215947151
8667053086_R01C02 -3.19942688942 -1.2183765173 -3.31396365166 -0.314283370972 2.94153594971 -0.503111183643
8667053086_R02C02 -4.91234064102 0.417747080326 -4.35974884033 -1.45400524139 0.538383722305 -0.760024428368
8667053086_R03C02 -5.4052195549 0.834198355675 0.130825161934 -2.04304456711 0.897838711739 0.471155852079
8667053086_R04C02 -5.33619070053 0.854645729065 1.27559065819 -2.25368595123 0.71087294817 0.81126666069
8667053086_R05C02 -4.71298503876 0.754566848278 -0.126141518354 -1.47607731819 0.584234893322 0.043531447649
8667053086_R06C02 -4.29562950134 0.409779429436 2.80711627007 -1.99199974537 1.04175686836 1.04256987572
8667053113_R01C01 -0.745490312576 -3.03970432281 1.74881052971 2.76641893387 3.32717394829 0.260159671307
8667053113_R02C01 -2.94904184341 -1.05560183525 -1.66534900665 0.299521327019 1.05183339119 -0.270823597908
8667053113_R03C01 -3.40826916695 -0.446141600609 -0.994575440884 -0.312159985304 1.07404887676 -0.0214320085943
8667053113_R04C01 -2.9272506237 0.170367658138 2.63211727142 0.991892814636 0.375880122185 0.0438361763954
8667053113_R05C01 -4.4582233429 1.59702444077 -0.235304951668 -1.50027453899 -0.102758497 0.173136860132
8667053113_R06C01 -4.49307441711 1.57552242279 2.88370013237 -2.29921317101 0.486286222935 1.0239982605
8667053113_R01C02 -0.744807004929 -2.04348325729 -1.57069265842 0.508797347546 3.67119431496 0.14226976037
8667053113_R02C02 -4.80498170853 -0.319508910179 -1.27618718147 -0.280148744583 1.45359230042 0.483504146338
8667053113_R03C02 -5.0733757019 1.30962121487 -0.522277235985 -1.88816809654 0.979805409908 0.378190815449
8667053113_R04C02 -1.30590116978 -1.21174120903 2.89282464981 2.21369194984 0.743818044662 -0.0512590780854
8667053113_R05C02 -3.77992534637 0.445158064365 3.46235489845 -0.831494688988 0.877848923206 0.94454741478
8667053113_R06C02 -3.5937666893 0.355153262615 -0.447830975056 0.117665350437 -0.0289722681046 0.245062291622
8667053042_R01C01 -1.31297028065 -2.95745229721 -0.409349739552 2.87967371941 0.0165278315544 -0.086848795414
8667053042_R02C01 -3.11100482941 -0.604437291622 -2.11298894882 0.221533358097 -1.02190458775 -0.61248666048
8667053042_R03C01 -2.37674379349 -1.31501030922 1.28425371647 2.40339565277 -1.04354095459 -1.05425286293
8667053042_R04C01 -3.56649446487 0.475373655558 -0.0865893214941 0.518990814686 -1.63371992111 -0.364058613777
8667053042_R05C01 -4.13379383087 1.12770569324 -0.107794910669 -0.386390537024 -1.55472755432 -0.190405637026
8667053042_R06C01 -5.05457448959 -0.0894023627043 2.92257213593 0.201107650995 -1.24432873726 0.933698415756
8667053042_R01C02 -3.22483491898 -0.651944041252 -0.727433979511 0.897802114487 0.150738567114 -0.208859801292
8667053042_R02C02 -3.5774564743 -0.528192639351 1.0176602602 0.509580552578 -0.884467422962 0.0192171409726
8667053042_R03C02 -4.44628334045 1.05688428879 0.103403240442 -0.655688762665 -1.19537329674 0.466759681702
8667053042_R04C02 -3.8885076046 0.280577719212 0.729699254036 0.567932069302 -1.78789234161 -0.18015383184
8667053042_R05C02 -2.96989202499 0.982177376747 2.23795294762 0.193911403418 -1.53426909447 -0.33451256156
8667053042_R06C02 -4.67957401276 1.99535274506 1.01034486294 -1.2863894701 -1.37560021877 -0.160082906485
8667053041_R01C01 -2.2951798439 -2.26249098778 -1.94629716873 2.45350837708 -0.157613903284 -1.13048124313
8667053041_R02C01 -3.14431643486 -0.677619934082 -3.50593566895 0.787436246872 -0.905925154686 -0.931424856186
8667053041_R03C01 -2.96991205215 -1.08794879913 -0.555817425251 0.737374603748 -0.837560474873 -0.452039986849
8667053041_R04C01 -4.42026996613 0.67818325758 -1.99332904816 -0.242559373379 -1.11702656746 -0.431157112122
8667053041_R05C01 -5.43793582916 0.830722928047 -1.35384726524 -1.14450800419 -1.79988157749 -0.345264852047
8667053041_R06C01 -5.01163291931 0.748853325844 0.559299588203 0.204504460096 -1.50791287422 -0.218091398478
8667053041_R01C02 -4.18920755386 -0.552048385143 -0.174241393805 1.32705640793 -0.206797197461 0.488688200712
8667053041_R02C02 -4.60194349289 -0.668369829655 -0.740434765816 -0.185227334499 -0.871069669724 -0.38331246376
8667053041_R03C02 -3.61676836014 -0.289117515087 -3.09283399582 1.2918201685 -1.49136412144 -1.22262728214
8667053041_R04C02 178.260848999 -9.73840427399 0.75009059906 -4.02224731445 -1.67785978317 -0.406928062439
8667053041_R05C02 -3.44163608551 0.276895225048 2.61768007278 1.04182124138 -1.30250751972 0.209853351116
8667053041_R06C02 -6.14677619934 1.81299626827 0.457169830799 -1.79155778885 -1.28827106953 0.507586956024
8667053121_R01C01 -5.08311414719 -0.505058646202 -0.756786882877 0.0426909178495 0.349963307381 -0.672955513
8667053121_R02C01 -3.9755358696 -0.920886814594 -0.306565523148 0.866327166557 -0.863699555397 0.0705679133534
8667053121_R03C01 -3.53960824013 -0.943667709827 -0.737782001495 1.51434493065 -0.95672917366 -0.427740514278
8667053121_R04C01 -5.60739946365 0.493360191584 0.576439857483 -0.38434574008 -1.60122203827 0.199495851994
8667053121_R05C01 -4.31607484818 0.0508202984929 1.35406470299 0.8390417099 -1.35079944134 -0.0324078425765
8667053121_R06C01 -4.42455005646 0.00850757956505 3.71373033524 0.828355908394 -1.17393028736 0.671164512634
8667053121_R01C02 -2.96199059486 -2.02845573425 -2.77561593056 1.19856107235 -0.0920862555504 -0.752518355846
8667053121_R02C02 -4.39600658417 -0.647789299488 0.688128054142 0.217020094395 -0.389338523149 0.174210995436
8667053121_R03C02 -3.33840489388 -0.572259902954 -0.145462140441 1.10015821457 -1.16230773926 -0.332437336445
8667053121_R04C02 -5.60355186462 1.59429764748 -2.93634414673 -0.409148752689 -2.13979148865 -0.805142998695
8667053121_R05C02 -3.16632962227 0.248090654612 -0.190522909164 0.338356822729 -1.54235982895 -0.0753201171756
8667053121_R06C02 -6.09339857101 1.40931105614 1.60882902145 -1.45733213425 -1.26535093784 0.00925876200199
8667053133_R01C01 -3.51051855087 -0.909421145916 -4.04073810577 0.706318736076 0.386345088482 -1.01540136337
8667053133_R02C01 -5.09285879135 0.646095812321 -1.16605067253 -1.71622133255 -0.550063490868 -0.245839253068
8667053133_R03C01 -4.13359117508 -0.111795976758 -0.354373514652 0.142369329929 -0.912628889084 -0.187509685755
8667053133_R04C01 -6.06961202621 1.09389615059 -0.624713659286 -1.56783533096 -1.35447859764 -0.0839203447104
8667053133_R05C01 -4.96065998077 1.12757945061 -1.21826601028 -1.02347886562 -1.67850828171 -0.390073060989
8667053133_R06C01 -5.39217281342 2.3821105957 0.564092457294 -2.04184818268 -1.68967318535 -0.123038120568
8667053133_R01C02 -1.74171555042 -2.13154029846 0.410998433828 2.25915908813 0.787244558334 -0.596906125546
8667053133_R02C02 -4.88008785248 0.314402878284 0.48729160428 -1.13769090176 0.21782322228 0.0831365585327
8667053133_R03C02 57.8672866821 6.48113155365 -6.29402208328 4.32818222046 -0.677178382874 7.88369894028
8667053133_R04C02 -6.18556880951 1.15879070759 -1.6192085743 -1.4950170517 -1.04337346554 -0.66834294796
8667053133_R05C02 -3.80324625969 -0.182462483644 0.560672044754 1.09859704971 -1.12366366386 -0.692654907703
8667053133_R06C02 92.2094573975 15.6333742142 2.23961257935 3.42347621918 2.88313293457 -4.24833297729
