8667053067_R01C01 -1.20189881325 -2.26368999481 -1.36235177517
8667053067_R02C01 -2.33724284172 -1.271930933 0.778998672962
8667053067_R03C01 0.273821681738 1.2748811245 -4.48787307739
8667053067_R04C01 -2.71786737442 0.52124941349 0.865589857101
8667053067_R05C01 -1.6646553278 0.79727602005 -0.99447208643
8667053067_R06C01 -2.83818173409 2.32398343086 -1.13367891312
8667053067_R01C02 -1.65568614006 -3.13529610634 0.0820265412331
8667053067_R02C02 -1.45662248135 -2.19132137299 -0.737568080425
8667053067_R03C02 -1.91190207005 -1.57458400726 0.131488859653
8667053067_R04C02 -0.0297167897224 2.33810901642 -4.46933221817
8667053067_R05C02 -3.0243062973 0.575514674187 0.112249188125
8667053067_R06C02 -2.79859733582 0.459422230721 -0.351635754108
8667053052_R01C01 -1.98776364326 -3.38838005066 1.67261314392
8667053052_R02C01 -1.43474149704 -0.909152567387 -0.354979455471
8667053052_R03C01 -2.10032534599 -0.842021822929 0.29421377182
8667053052_R04C01 -2.06424021721 0.761509418488 -1.09984409809
8667053052_R05C01 -3.18317985535 -0.664567410946 0.88670194149
8667053052_R06C01 -5.29531955719 0.697567522526 0.973443686962
8667053052_R01C02 -1.83884191513 -2.78017807007 -0.175086408854
8667053052_R02C02 -1.53410589695 -0.55010664463 -1.11723124981
8667053052_R03C02 -1.8649276495 -0.477373093367 -0.452488780022
8667053052_R04C02 -2.90002703667 -0.214723899961 -0.273732036352
8667053052_R05C02 -3.11019563675 0.854434251785 -0.623636782169
8667053052_R06C02 -2.78682136536 0.795475304127 -0.39463993907
8667053086_R01C01 -3.24152469635 -3.27123641968 1.63232398033
8667053086_R02C01 -3.83143281937 -0.265239208937 -1.01533973217
8667053086_R03C01 -4.64565563202 -0.322040319443 0.547315835953
8667053086_R04C01 -3.40012955666 -1.28672575951 0.238418653607
8667053086_R05C01 -2.59695696831 0.679322361946 -1.05767858028
8667053086_R06C01 -2.88680839539 0.940815627575 -1.40655493736
8667053086_R01C02 -3.36122989655 -4.60468196869 1.48177790642
8667053086_R02C02 -5.34199476242 -2.53210377693 2.47660732269
8667053086_R03C02 -4.91909885406 -0.179806098342 0.689519584179
8667053086_R04C02 -4.79624128342 0.833946108818 -0.296108484268
8667053086_R05C02 -4.2743473053 0.338556677103 0.345191985369
8667053086_R06C02 -3.76870846748 1.30997347832 -1.13299310207
8667053113_R01C01 -0.81182217598 -2.61851835251 -2.82265472412
8667053113_R02C01 -3.34212303162 -2.04458045959 0.0291338413954
8667053113_R03C01 -3.66266298294 -1.23592400551 0.393071740866
8667053113_R04C01 -2.45470905304 1.46084570885 -2.43053436279
8667053113_R05C01 -4.21473407745 1.1691300869 0.14016623795
8667053113_R06C01 -3.65760207176 2.50199079514 -1.05292439461
8667053113_R01C02 -1.02273464203 -4.46188592911 0.36428835988
8667053113_R02C02 -4.99119091034 -1.32133960724 0.936837434769
8667053113_R03C02 -4.98386907578 0.01854608953 0.806816399097
8667053113_R04C02 -1.07590997219 0.691639304161 -3.31674718857
8667053113_R05C02 -3.34880399704 1.83218193054 -1.98519051075
8667053113_R06C02 -3.63792109489 0.0722532570362 -0.251375824213
8667053042_R01C01 -2.41298341751 -2.54148435593 -0.348179072142
8667053042_R02C01 -3.9677734375 -1.0915825367 1.3872115612
8667053042_R03C01 -2.99037456512 0.699995040894 -2.01921629906
8667053042_R04C01 -4.06478595734 1.01252245903 0.231350183487
8667053042_R05C01 -4.44993209839 1.61212646961 0.18221360445
8667053042_R06C01 -5.31948137283 1.99354887009 -1.32151150703
8667053042_R01C02 -3.65079593658 -1.19390296936 0.315846085548
8667053042_R02C02 -3.88022708893 0.649381518364 -0.322587251663
8667053042_R03C02 -4.31970119476 1.33056652546 0.615904688835
8667053042_R04C02 -4.37804317474 1.38480079174 -0.416223734617
8667053042_R05C02 -2.74074482918 2.6093454361 -1.2262775898
8667053042_R06C02 -4.5169005394 2.95663690567 0.174699991941
8667053041_R01C01 -2.75646734238 -2.43329572678 0.0767998695374
8667053041_R02C01 -3.88095092773 -2.20182013512 2.1417722702
8667053041_R03C01 -3.54680371284 -0.520375013351 0.129895418882
8667053041_R04C01 -4.74248886108 -0.0803746581078 1.62868225574
8667053041_R05C01 -5.78753948212 0.585565567017 1.58702504635
8667053041_R06C01 -4.91961288452 1.78776311874 -0.0107295811176
8667053041_R01C02 -4.23305130005 -0.368451714516 0.565981984138
8667053041_R02C02 -4.95744228363 -0.761326313019 0.685488939285
8667053041_R03C02 -4.6876950264 -0.83264541626 1.50753033161
8667053041_R04C02 173.937469482 -5.95897865295 -5.27598953247
8667053041_R05C02 -3.196600914 2.4602971077 -1.7203233242
8667053041_R06C02 -5.42999362946 2.24705910683 0.822268128395
8667053121_R01C01 -5.14111089706 -0.754830241203 -0.279211908579
8667053121_R02C01 -4.52637195587 -0.381977200508 0.543945789337
8667053121_R03C01 -4.26985454559 -0.403375685215 -0.147349983454
8667053121_R04C01 -5.88849067688 1.58783984184 -0.04660192132
8667053121_R05C01 -4.623442173 1.4924492836 -0.777727901936
8667053121_R06C01 -4.16859912872 2.45409274101 -2.30250501633
8667053121_R01C02 -3.97515845299 -3.13083410263 1.3710283041
8667053121_R02C02 -4.49204921722 0.299828350544 -0.442362606525
8667053121_R03C02 -3.85385036469 0.185964882374 -0.380821049213
8667053121_R04C02 -5.90286254883 0.871180653572 1.39328062534
8667053121_R05C02 -3.20821809769 0.965523719788 -0.0749127715826
8667053121_R06C02 -5.36722373962 2.92137050629 -0.355997681618
8667053133_R01C01 -4.24704217911 -3.32328891754 2.13137888908
8667053133_R02C01 -4.84530830383 -0.160809457302 1.04898428917
8667053133_R03C01 -4.38988351822 0.154867574573 0.196679145098
8667053133_R04C01 -6.02550697327 0.917340755463 1.0436527729
8667053133_R05C01 -5.09639263153 0.763738393784 1.30383777618
8667053133_R06C01 -4.79192876816 2.83002185822 0.669347286224
8667053133_R01C02 -1.6217828989 -1.96500086784 -0.872408866882
8667053133_R02C02 -4.58748054504 0.339542984962 0.859033882618
8667053133_R03C02 58.0793914795 0.32493686676 9.54409790039
8667053133_R04C02 -6.2574672699 0.319894164801 1.32045137882
8667053133_R05C02 -4.03463840485 0.831682860851 -0.53054690361
8667053133_R06C02 99.8597488403 10.6732530594 4.31095218658
