sample_1 -0.771677017212 -4.0547246933 -1.7046173811 2.58212041855 -1.29813814163
sample_2 0.284492701292 0.492168724537 4.00096035004 -1.81495451927 -2.37692856789
sample_3 4.56707191467 0.468822836876 -2.54274320602 0.0315345525742 0.410341024399
sample_4 2.92329502106 0.933820843697 0.573931515217 1.07809257507 2.27740907669
sample_5 1.51267623901 1.3629925251 -0.227587074041 -3.34229373932 5.16628646851
sample_6 -7.7439661026 -0.323578417301 -2.28682374954 -0.0507282912731 1.77883541584
sample_7 1.04164230824 0.100995525718 -0.836408257484 -3.69243192673 3.91792011261
sample_8 -3.10637807846 -1.23030138016 3.64831590652 6.25770902634 -8.2368888855
sample_9 6.78387069702 -0.410989046097 0.549175679684 -1.12701129913 -0.99246263504
sample_10 -0.225139692426 -0.40046480298 0.201705992222 -1.24940800667 1.78497695923
sample_11 -2.02784442902 0.112736277282 -1.75071454048 0.73352855444 3.64075779915
sample_12 2.86718010902 -2.03495955467 -4.90056180954 -0.973467111588 -2.05737018585
sample_13 -0.640465497971 1.84229266644 -4.82653617859 -4.76399230957 -4.64957475662
sample_14 1.14600753784 -1.84055173397 -0.535573601723 1.06382369995 -1.19173169136
sample_15 4.30825185776 2.19011926651 0.376405715942 1.99015307426 -3.20076441765
sample_16 0.895939230919 0.0724986791611 -6.5824213028 -2.46220469475 -1.49450564384
sample_17 1.11639142036 3.82490158081 -0.318722069263 3.46301555634 1.93284893036
sample_18 0.19959872961 -0.879823923111 -3.0999045372 -0.763422906399 2.92704677582
sample_19 -1.08054208755 -3.23280215263 -2.44394779205 -1.48857820034 1.23068583012
sample_20 -2.59621334076 -5.10272359848 -1.34044456482 6.88294458389 -4.79939174652
sample_21 6.35829544067 3.77078413963 1.72887825966 1.75732684135 1.07284510136
sample_22 1.75634932518 -3.81712388992 -3.3672914505 -0.899275720119 -3.38332295418
sample_23 -1.43736433983 -0.0551957786083 2.44168424606 1.08705413342 -2.88867688179
sample_24 0.767409682274 0.192167848349 -1.52441859245 -3.44107794762 -1.19885408878
sample_25 2.24499869347 -1.3924973011 -0.690751075745 -0.965038061142 -2.17334246635
sample_26 2.00155282021 -2.70725870132 0.0763796716928 -2.77932596207 -0.473723083735
sample_27 0.231265187263 -0.476012527943 -3.05681395531 1.33292686939 0.408163517714
sample_28 3.6999168396 -3.16575241089 -3.76844739914 4.34890460968 -4.46319246292
sample_29 -0.816051602364 -0.904365360737 3.9066696167 -5.13663721085 1.82458436489
sample_30 -0.878723144531 -0.751199543476 -5.15039920807 -1.39009141922 2.42928314209
sample_31 5.33990573883 1.22580802441 -0.00453642010689 -1.2279958725 2.72346258163
sample_32 1.99559128284 0.741545081139 -0.949531853199 -1.8742505312 -2.35217380524
sample_33 0.914387643337 1.2337179184 -1.36079466343 -2.32632112503 3.2274851799
sample_34 3.76760601997 -0.855901539326 -0.852256000042 0.536639094353 0.869564533234
sample_35 1.68571424484 1.82740187645 2.25243759155 -0.629720211029 4.05552053452
sample_36 -0.733980178833 0.722452759743 0.527280390263 -2.37298965454 -0.86615049839
sample_37 0.0249209403992 0.24350976944 0.353469252586 2.3666677475 3.34436202049
sample_38 4.22172927856 1.67989289761 -1.77476525307 -0.351441681385 -1.94233393669
sample_39 -0.148448646069 -5.3512802124 6.39475679398 -1.52160978317 -3.44636034966
sample_40 -8.75322341919 12.791179657 -3.35924434662 3.55702519417 1.86506962776
sample_41 0.128585994244 -2.75833535194 -0.578042387962 1.14688062668 2.82735753059
sample_42 1.52747476101 3.35559296608 0.900983929634 4.09359264374 2.56339788437
sample_43 -1.04788661003 0.591464042664 0.0246912837029 -0.189478889108 3.36372208595
sample_44 1.49906468391 1.01538276672 4.10912704468 0.015752106905 -0.481002092361
sample_45 -5.94779586792 -0.17901545763 2.74004840851 2.86071705818 2.52858948708
sample_46 0.168545976281 -3.93701505661 1.69329237938 -1.82730281353 0.251965075731
sample_47 -3.82906985283 -9.04811477661 -2.03958582878 -2.99220561981 0.378150641918
sample_48 0.577346920967 -1.24884963036 -2.01896572113 -0.347201108932 -2.15300679207
sample_49 -1.65726089478 3.49483299255 2.88242077827 -0.908453464508 0.611513018608
sample_50 -1.83893108368 -3.83024811745 -1.23562788963 8.32272338867 2.39970135689
sample_51 -2.72370958328 4.07219648361 4.72818422318 -0.265702754259 -1.49803948402
sample_52 1.22459614277 -2.34068155289 1.98739469051 0.0995655357838 1.54651987553
sample_53 -4.29984903336 4.19953727722 -9.09871673584 4.70361280441 -2.66668462753
sample_54 4.14937734604 1.22278320789 0.962247788906 1.53108978271 -1.87692415714
sample_55 3.6839568615 0.632472515106 -0.148831278086 0.432828813791 0.651496648788
sample_56 0.30937153101 1.21301150322 -1.81694245338 -2.3877954483 -2.17151165009
sample_57 -2.82637834549 2.88472509384 -2.58378338814 -3.29755187035 2.17317438126
sample_58 -2.45228385925 -2.29982852936 -3.75332307816 -0.774608433247 4.75496482849
sample_59 4.5211019516 -0.0926417857409 1.44834458828 -0.863425254822 1.25829029083
sample_60 -2.86159324646 2.89236831665 5.39600515366 -7.2682094574 1.83563518524
sample_61 -0.648012399673 1.16974782944 1.61844289303 -1.45776367188 -3.72524404526
sample_62 -1.17361521721 0.934594035149 -3.69825172424 5.19860363007 3.1772711277
sample_63 -0.383827328682 -0.659399986267 0.34964710474 -0.519958019257 -2.76989459991
sample_64 -1.64843714237 -3.46514225006 1.89286053181 -0.073938190937 0.322574615479
sample_65 0.822042882442 0.892824172974 5.15403747559 -2.13655734062 -0.327619612217
sample_66 0.700647592545 2.70795536041 -2.2751853466 -0.763660907745 -2.87679576874
sample_67 -6.39250040054 8.93572807312 -2.3496530056 -5.46466445923 -2.17145586014
sample_68 0.317826926708 -1.42773795128 -2.56369447708 0.921421706676 0.294474571943
sample_69 3.70025777817 1.5936422348 -1.20615839958 2.87217903137 1.73557889462
sample_70 2.30339407921 4.51081228256 0.0830374211073 -3.46614718437 1.98827791214
sample_71 1.92400968075 -0.62517786026 -0.834820747375 1.86336898804 2.43065619469
sample_72 -1.13521277905 -2.2319586277 2.14207935333 -4.92303466797 1.05396163464
sample_73 0.262679845095 0.551718831062 -1.63939106464 -1.41989648342 -1.38872814178
sample_74 2.72844982147 2.0714006424 -0.74815672636 2.43651008606 -1.45501852036
sample_75 -3.0013988018 -1.79036259651 4.30240869522 3.25777482986 0.28807041049
sample_76 2.80299806595 2.72886300087 2.14567232132 -1.04983067513 -0.0778472870588
sample_77 4.59295320511 1.07821273804 1.036693573 -1.63911414146 -0.35570961237
sample_78 2.57584309578 -1.46340942383 -0.179790169001 -0.944015920162 1.36466383934
sample_79 -1.88018512726 -1.31434202194 -0.562178611755 -2.64591932297 -0.437960147858
sample_80 0.349957019091 4.1087603569 6.43065071106 -0.314311444759 -3.55333375931
sample_81 1.79927098751 3.71513223648 0.805032730103 2.74002552032 0.14295206964
sample_82 -1.51139557362 -2.96541047096 -1.44295012951 0.944974660873 1.53255414963
sample_83 -0.782477676868 -3.72965407372 6.75403499603 2.49530363083 1.34063506126
sample_84 4.2520160675 -0.677027404308 1.67753434181 -0.435187548399 -2.54439806938
sample_85 0.746768772602 -0.711171984673 0.922092318535 2.93371915817 6.22421073914
sample_86 -0.413874030113 -1.52132678032 4.75784301758 0.261620461941 -1.66095900536
sample_87 -4.7967376709 -1.0990190506 -3.17371225357 10.801902771 -0.191895455122
sample_88 2.55939555168 1.61986804008 1.06792831421 -6.33160591125 -0.0197673588991
sample_89 0.729241549969 -1.83871996403 0.669383049011 5.23872566223 4.104347229
sample_90 1.54372668266 1.98914480209 2.42343664169 1.6337954998 0.108273930848
sample_91 -4.11298513412 0.631420731544 7.09841537476 -1.70900201797 -2.63377785683
sample_92 7.13034820557 1.20188784599 -0.0718458890915 -2.41059875488 0.526168465614
sample_93 1.57854223251 -0.752848565578 -0.692607760429 2.25922679901 -2.2075843811
sample_94 -2.44101238251 -0.428907334805 1.03370952606 1.18889856339 -2.61761832237
sample_95 -2.74322366714 6.19583034515 0.619602501392 2.86318707466 -1.04212617874
sample_96 -3.83734464645 -4.57585954666 -2.19364976883 -1.40626215935 -0.593033969402
sample_97 2.85309553146 1.88519406319 -3.87633609772 -2.0556769371 -0.290834248066
sample_98 -0.35238802433 6.32138061523 -0.226189702749 1.99296116829 2.14212918282
sample_99 0.187784403563 1.38800764084 0.309726148844 4.97220993042 4.49646472931
sample_100 1.72334992886 -0.402285516262 3.2809510231 1.31390094757 -0.0635820031166
sample_101 2.24439787865 0.323484420776 -1.38808262348 1.93198776245 -3.29851555824
sample_102 0.903715252876 0.44722571969 0.418856859207 -0.47460642457 -1.02644276619
sample_103 1.40117800236 -2.19646930695 1.44924855232 -1.27375042439 -1.61427402496
sample_104 -0.367214202881 2.6671257019 -1.29370248318 5.5680513382 2.9225859642
sample_105 -2.41108202934 -0.334680557251 -4.39447832108 -0.0811073184013 -1.4443936348
sample_106 -0.616322338581 -2.1758108139 -0.471942484379 4.39227294922 -1.11720240116
sample_107 0.6595505476 2.1454641819 1.66395998001 0.367636978626 -0.904071092606
sample_108 0.432486623526 -1.12316584587 1.28796029091 -0.888299942017 -1.62336134911
sample_109 0.741272449493 -1.43591785431 1.27835667133 0.67057955265 -1.94208037853
sample_110 0.130172818899 1.37801826 -2.33517622948 1.86150360107 -3.10355448723
sample_111 -1.44049191475 3.12481594086 -0.811778008938 -0.51362234354 -3.87356638908
sample_112 -0.272462725639 -3.40272045135 -4.41380691528 -0.0837751924992 -1.60304844379
sample_113 -1.2828181982 0.912521004677 -1.58619570732 1.04324245453 1.26163709164
sample_114 2.47751402855 2.04623746872 -2.01786756516 0.969929337502 0.215620458126
sample_115 0.92611682415 4.70175790787 1.33492863178 -1.60242140293 -2.36520433426
sample_116 1.91772031784 2.55327510834 0.659864544868 -1.69223737717 0.290092647076
sample_117 2.71184110641 0.221541911364 -2.8261950016 0.359649509192 -1.82297420502
sample_118 -0.531276226044 1.40171861649 2.49003314972 0.775183200836 -2.57986307144
sample_119 1.43586862087 -1.78042972088 1.99805927277 -1.78037762642 0.830752253532
sample_120 0.517590343952 -0.433145582676 5.02908611298 -0.78938138485 -3.16607999802
sample_121 -1.15740907192 -1.58306467533 -1.3700581789 -1.95029902458 -1.23865044117
sample_122 -1.08482277393 0.0358512997627 3.41731405258 0.862781643867 -2.2833480835
sample_123 -1.93349158764 -0.17077998817 1.06277263165 1.20229172707 0.0549368560314
sample_124 -1.09363818169 -0.514097988605 -1.99886393547 1.76797425747 0.71211963892
sample_125 -0.429592192173 2.04612994194 1.55081009865 4.71323442459 0.542717456818
sample_126 -3.35388565063 4.3711514473 6.13195991516 2.17950558662 3.40719652176
sample_127 -4.37510538101 -1.4676502943 -0.84875869751 -2.4629471302 1.55769777298
sample_128 -2.05883598328 -1.67561936378 2.64530706406 -3.69812846184 2.57239484787
sample_129 -0.613354921341 0.227722138166 -0.957247674465 -0.125472992659 -0.553117394447
sample_130 -1.53406000137 -3.93590259552 -1.80384886265 -3.12050151825 -3.1380610466
sample_131 -6.21420097351 2.93324327469 0.191455006599 -7.18975257874 2.05079984665
sample_132 3.44568109512 1.7548494339 0.241206809878 1.84444880486 -2.01774549484
sample_133 2.62427043915 1.04411315918 2.63472127914 -2.18211913109 3.68094921112
sample_134 4.52209806442 -2.44845223427 3.77532434464 -1.87389338017 -1.41050553322
sample_135 2.37740802765 0.973449349403 -2.07502889633 2.10337972641 -3.8297855854
sample_136 -3.96466493607 -2.13834476471 1.14985275269 -3.69674539566 1.7397531271
sample_137 1.02574777603 1.98940300941 0.634920120239 -0.865764677525 -1.70724713802
sample_138 -0.473234683275 -2.4827105999 -4.88015174866 -2.91487908363 -2.59818935394
sample_139 -2.97667574883 -1.92099320889 1.1860512495 -2.48654222488 -2.99614906311
sample_140 -0.456903100014 1.76017856598 -1.53265094757 -2.57734560966 1.37674617767
sample_141 -1.72022879124 2.20796108246 5.51256084442 0.667275846004 -0.419745206833
sample_142 -7.25115442276 -6.1569890976 1.52317774296 -1.18840694427 3.59077715874
sample_143 0.486051589251 -0.129259645939 4.36405086517 4.38684988022 2.02287387848
sample_144 6.03623914719 -2.83503508568 1.91218733788 -2.59407114983 1.15266823769
sample_145 2.40537381172 -0.309226036072 0.176409631968 2.08491849899 -2.16567325592
sample_146 0.0693920254707 -0.51215928793 0.153746515512 -0.305153369904 0.402777075768
sample_147 -0.469994485378 2.30932927132 0.986858725548 0.903030872345 -4.52437973022
sample_148 0.447552978992 -2.79199457169 1.64201641083 -0.810688495636 0.585072994232
sample_149 2.25282239914 -2.47111654282 -0.842634618282 0.319577634335 1.7991245985
sample_150 0.977858483791 1.23926520348 -0.675005495548 2.03098535538 2.42754387856
sample_151 0.337826251984 -1.11815690994 -3.68386459351 3.08900713921 4.72968435287
sample_152 4.10893154144 0.0837466716766 -0.0341769456863 4.71597194672 -1.08156049252
sample_153 -0.242827743292 2.24727678299 -1.26912975311 2.87164831161 -3.37870526314
sample_154 -0.380354225636 -0.315455526114 -1.74765086174 -3.55264091492 4.34390497208
sample_155 -2.80264997482 -0.361602783203 -0.984623610973 1.09591913223 -4.37136554718
sample_156 -4.99388170242 -7.79113149643 8.07256603241 6.69138669968 2.94246053696
sample_157 -0.108646929264 0.0524280518293 2.39701652527 0.474212497473 2.2489900589
sample_158 0.55638974905 0.50511097908 -3.69651651382 -0.141334697604 1.63485944271
sample_159 2.51519656181 1.25487136841 -0.889627337456 -0.886764705181 0.51230943203
sample_160 -3.77580928802 0.990750253201 -1.53769409657 -0.550579249859 0.0322387367487
sample_161 0.76961427927 -0.765216588974 -2.73595714569 -2.4299223423 -1.96717965603
sample_162 0.794179201126 -3.23599433899 -2.25777125359 -0.50921523571 -3.9742436409
sample_163 -0.537073493004 -7.41389560699 -2.156727314 -1.20055258274 3.48077869415
sample_164 -8.33099937439 1.72160995007 -2.14670300484 -0.522063493729 -7.35373687744
sample_165 -3.03591609001 4.03865098953 -0.469979822636 -0.427693486214 -2.8816280365
sample_166 1.2723275423 -3.3718354702 -1.69597673416 2.89513659477 0.389917582273
sample_167 0.161760509014 3.82408285141 -2.58222079277 -3.91959118843 4.93601179123
sample_168 0.913034319878 2.04828572273 0.797857582569 -0.320291996002 0.566219449043
sample_169 3.26922416687 -0.330695599318 -1.82323896885 1.8051353693 -3.05536222458
sample_170 -4.08578062057 0.112568743527 3.78612184525 -2.30965709686 1.14162123203
sample_171 -1.40953624249 1.56186294556 0.159185230732 0.487216830254 -1.69971609116
sample_172 -4.98370885849 0.197985142469 -4.87597322464 -2.88405704498 -1.6037633419
sample_173 4.55993795395 1.09507417679 -0.838289380074 1.61962938309 5.23195934296
sample_174 0.499673873186 -4.95317554474 1.92889857292 -0.547980725765 1.32148623466
sample_175 -0.82318097353 -4.87456512451 -4.27507305145 0.218882143497 0.946204721928
sample_176 2.23614883423 -1.49418497086 2.45483207703 2.14208173752 -0.417338132858
sample_177 3.80395317078 0.884143054485 -0.341634571552 -1.13513660431 -2.92304348946
sample_178 -9.93518733978 -2.18688964844 -0.623097658157 -2.28207302094 -0.882382154465
sample_179 4.36630821228 4.57951450348 3.17026495934 -0.61083650589 0.632947802544
sample_180 0.975850045681 -2.69853544235 1.85167551041 0.63622790575 -1.60151314735
sample_181 -1.36949872971 -4.76701021194 -0.528358578682 -3.38246273994 -0.272400200367
sample_182 -5.00336837769 -0.135749816895 0.330218911171 0.037677615881 2.1888384819
sample_183 -0.394007265568 0.461286574602 -0.107793986797 -0.756276547909 -1.26711058617
sample_184 -0.765418052673 -2.00608277321 -4.5437245369 -0.673102080822 6.06474733353
sample_185 -2.42083668709 2.80324697495 -1.37187814713 -1.90528321266 2.62740635872
sample_186 5.45092105865 0.939219355583 1.62750303745 0.737733304501 -2.69838905334
sample_187 1.28456997871 -2.82745814323 0.521857142448 4.34094905853 -0.198963969946
sample_188 3.18919706345 5.12282657623 -2.91074585915 1.88537693024 4.70958042145
sample_189 3.60920286179 -0.368355512619 0.11253002286 -1.68239188194 -1.97380173206
sample_190 -0.672904074192 -1.66861283779 -2.12131810188 -3.47978949547 -2.74624562263
sample_191 -3.59473586082 -0.176167100668 -2.21256875992 -0.415625095367 1.7318097353
sample_192 -13.5391044617 4.42447280884 2.99714803696 1.36417210102 -5.09074401855
sample_193 2.93337082863 1.57858884335 0.891547441483 1.00762355328 0.711962759495
sample_194 1.96504092216 -1.40427792072 -1.38903737068 -2.20851707458 0.885476350784
sample_195 -0.266054809093 -5.50163269043 2.23797297478 -1.83307492733 -1.28054785728
sample_196 -5.0980682373 0.59690964222 2.01691389084 0.210915923119 8.65829563141
sample_197 0.887849986553 -0.0318363904953 -1.75767326355 0.456109076738 -0.279048711061
sample_198 0.0588757395744 -0.851363658905 -3.08950090408 -0.739754199982 1.55257558823
sample_199 -1.94830787182 0.301991045475 3.33035373688 0.50632917881 4.23288679123
sample_200 3.98080468178 -0.401022851467 1.81911492348 -3.2998623848 -0.252947360277
