LogReg:ID,chromosome,MAPINFO,p-values,q-values,intercept,beta,statistic,UCSC_RefGene_Name,Relation_to_UCSC_CpG_Island
cg17177602,1,1196457,8.66640548338e-05,0.0688112595381,3.28990650177,-8.50720214844,-3.92518234253,LOC100128842;UBE2J2,
cg11596239,1,2350059,0.000525633629877,0.208676551061,5.49359178543,-15.5296707153,-3.46734142303,,S_Shelf
cg07523753,1,2979582,0.00288698961958,0.764089919316,14.9686822891,-19.0132026672,-2.97952151299,FLJ42875,Island
cg04852972,1,1897728,0.00402480224147,0.798923244933,24.4528522491,-31.3837661743,-2.87621116638,KIAA1751,Island
cg15325070,1,2792704,0.00675056129694,0.868632671845,-6.05639743805,12.5428676605,2.70890522003,,
cg17839324,1,3123500,0.00697955628857,0.868632671845,11.047668457,-13.7247085571,-2.69781804085,PRDM16,
cg21643748,1,2850241,0.00877201743424,0.868632671845,2.41421318054,-7.01271772385,-2.62081384659,,N_Shore
cg13354934,1,1296093,0.00891914591193,0.868632671845,-1.87683594227,4.3683924675,2.61513781548,,
cg04886783,1,1852216,0.00989252608269,0.868632671845,-14.5164728165,17.9914150238,2.57956361771,TMEM52,S_Shore
cg07946633,1,2984245,0.0122072240338,0.868632671845,-7.91103076935,10.2210874557,2.50609660149,PRDM16;FLJ42875,Island
cg00040588,1,1290712,0.0138426264748,0.868632671845,-7.46111059189,10.5214776993,2.46132159233,MXRA8,Island
cg07247405,1,2484626,0.0145394783467,0.868632671845,5.00495386124,-10.052148819,-2.44365119934,LOC115110,
cg24592500,1,2863801,0.0180649869144,0.868632671845,-19.5101547241,27.2864761353,2.36428332329,,
cg20816361,1,2467100,0.0192938819528,0.868632671845,-6.08255290985,8.44795036316,2.33980369568,,Island
cg21271945,1,2080081,0.0266532506794,0.868632671845,16.6714687347,-21.1090354919,-2.21655893326,PRKCZ,N_Shelf
cg13384949,1,2383501,0.027342222631,0.868632671845,2.23019337654,-11.2048864365,-2.20659708977,,
cg16394551,1,3230357,0.0275565925986,0.868632671845,-9.34200000763,15.945640564,2.20354175568,PRDM16,
cg00373616,1,2434487,0.0276993960142,0.868632671845,7.08157062531,-9.56744384766,-2.20151758194,PLCH2,N_Shore
cg06784691,1,2245988,0.0287489183247,0.868632671845,-3.30937147141,15.033747673,2.1869122982,,Island
cg02840585,1,2090953,0.0319319926202,0.868632671845,-4.64247512817,8.65089988708,2.14526081085,PRKCZ,
cg03399754,1,2318795,0.0332783348858,0.868632671845,-2.28600025177,5.62523603439,2.12870907784,MORN1,N_Shelf
cg15819352,1,1845940,0.0350515693426,0.868632671845,2.75805020332,-10.6384553909,-2.10776209831,CALML6,
cg03975652,1,1559155,0.0353599339724,0.868632671845,-21.4543304443,28.0299873352,2.10421228409,MIB2,Island
cg16735509,1,2023157,0.0357670933008,0.868632671845,-9.72079372406,12.6822404861,2.09956526756,PRKCZ,N_Shelf
cg21815220,1,1150410,0.03607769683,0.868632671845,-12.6609239578,18.1593418121,2.09605073929,TNFRSF4,S_Shore
cg26785499,1,2820433,0.0371711999178,0.868632671845,12.696685791,-17.4577693939,-2.08387875557,,
cg06520508,1,1261347,0.0375878885388,0.868632671845,-8.29505157471,15.503115654,2.07932066917,CPSF3L;GLTPD1,N_Shore
cg21776599,1,1830693,0.0378210097551,0.868632671845,9.16292381287,-12.0788803101,-2.07678937912,,
cg17827148,1,2820665,0.0416569560766,0.868632671845,-2.87258982658,8.9980840683,2.0369310379,,
cg00581154,1,3123695,0.0427444241941,0.868632671845,-6.79318666458,12.0058479309,2.02619862556,PRDM16,
cg09612202,1,1476661,0.043045990169,0.868632671845,4.06588792801,-5.85490512848,-2.02326345444,C1orf70,Island
cg26430560,1,1905618,0.0460392870009,0.868632671845,1.97691011429,-8.43892383575,-1.99503290653,KIAA1751,
cg04118472,1,2125049,0.0471045970917,0.868632671845,6.51905441284,-12.1042613983,-1.98535847664,LOC100128003;C1orf86,N_Shore
cg18224942,1,1225781,0.0493919551373,0.868632671845,1.84167695045,-2.79841971397,-1.96519255638,SCNN1D,N_Shelf
cg03942086,1,3081481,0.0514075197279,0.868632671845,-3.1307849884,7.53143882751,1.94806218147,PRDM16,S_Shore
cg23682913,1,2080710,0.0524021610618,0.868632671845,3.82813477516,-6.82795190811,-1.93981516361,PRKCZ,N_Shore
cg17001566,1,2990490,0.0532961376011,0.868632671845,12.891201973,-16.7110328674,-1.93251371384,PRDM16,Island
cg13111532,1,1886543,0.0550443083048,0.868632671845,4.81308698654,-7.49617815018,-1.91852629185,KIAA1751,Island
cg18854424,1,2615690,0.0563490130007,0.868632671845,-4.5849943161,5.93210792542,1.90832662582,,
cg27171194,1,3229579,0.0573990568519,0.868632671845,-9.46584892273,16.2577438354,1.90025961399,PRDM16,
cg25720825,1,2849682,0.0599016882479,0.868632671845,-1.70633816719,5.81691503525,1.88151657581,,N_Shore
cg05528623,1,2387670,0.0599599480629,0.868632671845,-11.2240409851,19.7309513092,1.88108801842,,Island
cg00329272,1,3191481,0.0601465217769,0.868632671845,2.83268976212,-11.7808151245,-1.87971794605,PRDM16,N_Shelf
cg04890237,1,2537585,0.0611788481474,0.868632671845,-20.1558322906,24.8671398163,1.87220060825,MMEL1,N_Shore
cg06970772,1,3272662,0.0652839839458,0.868632671845,5.2112622261,-8.53597545624,-1.84330844879,PRDM16,N_Shelf
cg17854471,1,1950036,0.0654591917992,0.868632671845,8.85581302643,-13.2205200195,-1.84210908413,GABRD,N_Shore
cg06060874,1,3269315,0.0711140334606,0.868632671845,8.30246257782,-12.5244970322,-1.80474853516,PRDM16,
cg00341415,1,1630742,0.0729010775685,0.868632671845,14.9943275452,-18.9595317841,-1.79344952106,CDK11B;MMP23A,N_Shore
cg01947769,1,2362403,0.0737516731024,0.868632671845,4.32791852951,-9.61509609222,-1.78815090656,,S_Shelf
cg04107003,1,1397297,0.0777870044112,0.868632671845,-4.37247896194,5.89569282532,1.76367330551,ATAD3C,S_Shore
cg16527939,1,1253970,0.0792303308845,0.868632671845,-4.02246856689,12.970908165,1.75516939163,CPSF3L,N_Shore
cg17861161,1,3184434,0.0793790891767,0.868632671845,-4.76671075821,10.2098693848,1.75430011749,PRDM16,N_Shore
cg14531564,1,1154853,0.0804815292358,0.868632671845,2.17395138741,-7.94335126877,-1.74789893627,SDF4,S_Shore
cg12929805,1,2399054,0.0805229991674,0.868632671845,1.58181929588,-7.04861831665,-1.74765956402,,Island
cg04988794,1,3130485,0.080720089376,0.868632671845,-9.91446590424,16.0270137787,1.74652314186,PRDM16,
cg26891951,1,3129579,0.0809970647097,0.868632671845,-2.57450866699,3.5257370472,1.74492990971,PRDM16,
cg04903146,1,1337542,0.0818413347006,0.868632671845,-7.26345443726,11.8757324219,1.74010074139,MRPL20,S_Shore
cg09516210,1,2825189,0.0820280611515,0.868632671845,-4.74459695816,7.68061065674,1.73903810978,,N_Shelf
cg17282836,1,1397524,0.0848121196032,0.868632671845,11.1543283463,-14.1780757904,-1.72342264652,ATAD3C,S_Shore
cg26651722,1,1389888,0.0854615420103,0.868632671845,-3.74131321907,6.01628255844,1.71983993053,ATAD3C,Island
cg20251225,1,1609551,0.0865586996078,0.868632671845,7.4338054657,-12.2243185043,-1.71383678913,LOC728661;CDK11B,S_Shore
cg23626733,1,2345398,0.0872542187572,0.868632671845,-2.24557375908,11.2321004868,1.71006298065,PEX10,N_Shore
cg06792538,1,2954250,0.0876379087567,0.868632671845,9.37521648407,-13.3493680954,-1.70799160004,,
cg13850380,1,1475143,0.0885321721435,0.868632671845,18.5866069794,-24.0356655121,-1.70319187641,C1orf70,Island
cg26740494,1,1567131,0.0912597924471,0.868632671845,9.25845432281,-12.429353714,-1.68878936768,MMP23B;MMP23A,Island
cg26801936,1,1916344,0.0916787609458,0.868632671845,1.74933385849,-3.2360959053,-1.68660795689,KIAA1751,S_Shelf
cg22447799,1,1855324,0.0926543697715,0.868632671845,-11.040804863,13.1259832382,1.68155908585,,N_Shelf
cg14830045,1,1173264,0.0928414463997,0.868632671845,4.1297955513,-9.63290500641,-1.68059587479,,N_Shore
cg06991974,1,2984218,0.093891479075,0.868632671845,-1.63778316975,3.37070131302,1.67521798611,FLJ42875,Island
cg03538326,1,1375845,0.0940403938293,0.868632671845,3.44767332077,-5.29780387878,-1.67445921898,VWA1,S_Shore
cg15519786,1,3266440,0.0953968465328,0.868632671845,-9.32883548737,12.4419755936,1.6675914526,PRDM16,
cg18319381,1,1138931,0.0971863865852,0.868632671845,5.27407932281,-8.46645641327,-1.65864980221,TNFRSF18,S_Shore
cg26783079,1,2434058,0.0982112213969,0.868632671845,-13.7528400421,17.9151382446,1.65358817577,PLCH2,Island
cg02050917,1,2173571,0.0989589765668,0.868632671845,6.53610754013,-9.74541759491,-1.64992153645,SKI,
cg09024606,1,2324221,0.0996008515358,0.868632671845,2.32118010521,-6.00456857681,-1.64679181576,RER1;MORN1,S_Shore
cg24578937,1,2090814,0.100992135704,0.868632671845,-3.87607073784,8.57010936737,1.64006268978,PRKCZ,
cg16117513,1,2139657,0.101634278893,0.868632671845,4.121114254,-6.54424381256,-1.63698172569,C1orf86,S_Shelf
cg14522944,1,1961743,0.102898046374,0.868632671845,2.28160095215,-5.32367134094,-1.6309633255,GABRD,Island
cg14966901,1,3100143,0.103297144175,0.868632671845,-11.2114458084,13.9772634506,1.62907493114,PRDM16,N_Shelf
cg12760887,1,1104462,0.103330783546,0.868632671845,-2.01745176315,3.4208688736,1.62891602516,MIR429,S_Shelf
cg13393782,1,3099804,0.104667566717,0.868632671845,-13.4058675766,17.8982505798,1.62263453007,PRDM16,N_Shelf
cg16926445,1,3064439,0.104965545237,0.868632671845,-2.99723267555,11.813369751,1.62124300003,PRDM16,
cg22729726,1,3123854,0.107525967062,0.868632671845,7.5642824173,-11.4461774826,-1.6094135046,PRDM16,
cg07380540,1,1825861,0.107542075217,0.868632671845,-3.90675926208,9.74920940399,1.60933971405,,S_Shelf
cg06437747,1,2890836,0.107910938561,0.868632671845,-5.91551971436,7.6294631958,1.60765421391,,S_Shelf
cg22860172,1,3099917,0.107991024852,0.868632671845,-5.11396884918,7.04578495026,1.60728883743,PRDM16,N_Shelf
cg16043700,1,1114523,0.10915543884,0.868632671845,-3.78201436996,5.62538194656,1.60200071335,TTLL10,N_Shore
cg00546307,1,1946355,0.109765537083,0.868632671845,2.36595344543,-5.51297426224,-1.59924793243,,
cg24706992,1,1833078,0.111135870218,0.868632671845,-2.01051235199,6.35085678101,1.5931084156,,
cg23231093,1,1625702,0.111423633993,0.868632671845,5.78446388245,-10.135351181,-1.59182679653,LOC728661;CDK11B,S_Shore
cg06801943,1,2101479,0.114796184003,0.868632671845,-1.13166809082,1.85192155838,1.57699716091,PRKCZ,
cg07229301,1,1487445,0.114938274026,0.868632671845,1.66495990753,-2.95319724083,-1.57637989521,SSU72,N_Shelf
cg15627072,1,2432621,0.115380458534,0.868632671845,-1.90742003918,7.52422475815,1.57446289062,PLCH2,N_Shore
cg00698169,1,2784666,0.116487659514,0.868632671845,1.22537720203,-5.35248851776,-1.56968820095,,
cg08884932,1,1196725,0.117122240365,0.868632671845,2.87040996552,-4.28436183929,-1.56696772575,LOC100128842;UBE2J2,
cg11809162,1,2241792,0.11760725081,0.868632671845,1.36262023449,-4.37233972549,-1.56489622593,,N_Shelf
cg10962754,1,1117625,0.117831267416,0.868632671845,-7.16150188446,9.67327976227,1.56394171715,TTLL10,S_Shore
cg14087574,1,1963794,0.118142224848,0.868632671845,7.09370851517,-9.15229129791,-1.56261909008,,S_Shore
cg21848084,1,3264381,0.118593968451,0.868632671845,-11.7731275558,14.4994401932,1.56070244312,PRDM16,
cg22792177,1,1912606,0.118941485882,0.868632671845,2.16819119453,-4.20888090134,-1.55923199654,KIAA1751,Island
cg24955743,1,2454705,0.121262654662,0.868632671845,-5.2812256813,6.40390205383,1.5494954586,PANK4,S_Shore
cg02280859,1,1711185,0.123386904597,0.868632671845,6.19279956818,-8.44266986847,-1.54071199894,NADK,S_Shore
cg07146103,1,1170069,0.128020599484,0.868632671845,-4.00720357895,5.23665761948,1.5219540596,B3GALT6,S_Shore
cg22432982,1,2886676,0.129773139954,0.868632671845,-9.93649768829,12.3968057632,1.51499712467,,Island
cg01787285,1,2162682,0.130098432302,0.868632671845,4.79157114029,-6.81501245499,-1.51371383667,SKI,S_Shore
cg04843461,1,1974661,0.133338555694,0.868632671845,-0.767398476601,1.89464831352,1.50106573105,,N_Shore
cg23629166,1,2345368,0.136419594288,0.868632671845,4.04884624481,-11.4084920883,-1.48925745487,PEX10,N_Shore
cg12639453,1,2035780,0.138293519616,0.868632671845,-9.54887485504,12.7373514175,1.48217582703,PRKCZ,N_Shelf
cg23166857,1,1149501,0.138509765267,0.868632671845,-1.87200188637,3.57345867157,1.48136341572,TNFRSF4,Island
cg04910752,1,1267117,0.138701483607,0.868632671845,5.24713277817,-8.62384128571,-1.48064386845,TAS1R3,Island
cg16372810,1,2992640,0.140648677945,0.868632671845,5.33935403824,-7.54809331894,-1.47337973118,PRDM16,S_Shore
cg02393107,1,2515692,0.14073356986,0.868632671845,4.44155502319,-19.4959640503,-1.47306478024,,N_Shore
cg23260554,1,2934497,0.141001626849,0.868632671845,-7.11036968231,10.2825565338,1.47207129002,,
cg14279825,1,1513877,0.141107276082,0.868632671845,3.70931458473,-6.70955944061,-1.47168016434,,S_Shelf
cg17023856,1,2036508,0.142393454909,0.868632671845,-2.80133461952,8.08869743347,1.46693599224,PRKCZ,N_Shelf
cg23911852,1,2409853,0.142695814371,0.868632671845,1.55292594433,-3.25505042076,-1.46582555771,PLCH2,Island
cg24902038,1,2428882,0.143814221025,0.868632671845,-3.47709345818,11.4970550537,1.46173357964,PLCH2,
cg21420674,1,2713926,0.146001935005,0.868632671845,-1.49428296089,3.15353655815,1.45379936695,,N_Shelf
cg24968931,1,3059051,0.146205604076,0.868632671845,-0.817795693874,1.31483709812,1.45306539536,PRDM16,Island
cg15831346,1,2876723,0.14652235806,0.868632671845,-6.73143625259,8.41246604919,1.45192539692,,Island
cg05031204,1,2375690,0.148182138801,0.868632671845,14.0395545959,-16.6026763916,-1.44598245621,,Island
cg02068237,1,1473319,0.149223983288,0.868632671845,-9.89556312561,14.5431594849,1.44227790833,C1orf70,Island
cg23867494,1,1150322,0.150560751557,0.868632671845,-5.08141565323,9.69053173065,1.43755364418,TNFRSF4,S_Shore
cg13061570,1,2127505,0.151960223913,0.868632671845,1.18918669224,-1.79198467731,-1.43264186382,C1orf86,S_Shore
cg08122070,1,1689610,0.152943283319,0.868632671845,7.32151794434,-10.1545820236,-1.42921209335,NADK,N_Shelf
cg20675251,1,1464803,0.153549224138,0.868632671845,-7.66649246216,13.7127113342,1.42710638046,ATAD3A,Island
cg16418734,1,1720537,0.154799312353,0.868632671845,7.48953819275,-14.6038541794,-1.42278218269,GNB1,
cg06937595,1,1868501,0.157837405801,0.868632671845,-2.89767217636,10.6923885345,1.41238236427,,
cg18270426,1,1914597,0.158650994301,0.868632671845,2.72457337379,-11.0992202759,-1.40962314606,KIAA1751,S_Shore
cg00558749,1,1713950,0.159675598145,0.868632671845,-6.68952131271,9.51498985291,1.40616345406,,Island
cg26425711,1,3251680,0.159885168076,0.868632671845,5.61013555527,-8.2736415863,-1.40545785427,PRDM16,
cg22691336,1,1292638,0.161758944392,0.868632671845,16.3582668304,-19.8940525055,-1.39918029308,MXRA8,S_Shore
cg06348826,1,2994051,0.162495210767,0.868632671845,7.06602954865,-10.4399757385,-1.39672851562,PRDM16,N_Shelf
cg26930596,1,2082315,0.163474932313,0.868632671845,-7.4181804657,9.81435203552,1.39347922802,PRKCZ,Island
cg27264462,1,2106365,0.165644645691,0.868632671845,-5.83653354645,7.43056726456,1.3863350153,PRKCZ,
cg18040125,1,1420227,0.165973171592,0.868632671845,-15.5912313461,18.4673728943,1.38525938988,ATAD3B,Island
cg12753787,1,3239712,0.167325332761,0.868632671845,-4.44140481949,5.93642950058,1.38084924221,PRDM16,N_Shore
cg12718519,1,2058417,0.167986139655,0.868632671845,-6.33787584305,8.13498973846,1.37870371342,PRKCZ,
cg23928726,1,2344998,0.168425306678,0.868632671845,4.07440471649,-9.24598121643,-1.37728130817,PEX10,N_Shore
cg22225577,1,1221823,0.168860271573,0.868632671845,7.32573986053,-9.6983423233,-1.3758752346,SCNN1D,
cg23430652,1,1565027,0.168882668018,0.868632671845,2.26751279831,-11.1453132629,-1.37580287457,MIB2,Island
cg08037114,1,1266700,0.169201686978,0.868632671845,-1.93789029121,2.76059937477,1.37477350235,TAS1R3,N_Shore
cg06952577,1,2244585,0.169921949506,0.868632671845,-2.96611428261,5.04052639008,1.37245464325,,N_Shore
cg00391668,1,1404073,0.1709061414,0.868632671845,-0.670877873898,1.92439675331,1.36929798126,ATAD3C,N_Shelf
cg03042633,1,2183365,0.171854197979,0.868632671845,-5.09820222855,16.5856189728,1.36627006531,SKI,
cg10433463,1,1889099,0.17287966609,0.868632671845,-9.07090473175,11.1683530807,1.36300897598,KIAA1751,S_Shelf
cg23288755,1,1957320,0.173473492265,0.868632671845,-3.90070343018,14.0301551819,1.36112713814,GABRD,Island
cg06888836,1,2074268,0.17379000783,0.868632671845,6.67557048798,-8.5933637619,-1.36012613773,PRKCZ,
cg01949002,1,2203589,0.174830749631,0.868632671845,5.16394805908,-6.64884281158,-1.35684406757,SKI,
cg19802390,1,2840177,0.176894202828,0.868632671845,-0.987079679966,1.52990543842,1.35037970543,,
cg00567930,1,2250796,0.177760347724,0.868632671845,-1.99263143539,2.79876303673,1.34768307209,,S_Shore
cg09769218,1,1961075,0.178868755698,0.868632671845,-4.26696968079,5.30631923676,1.34424626827,GABRD,Island
cg26226110,1,1395945,0.179427787662,0.868632671845,-3.28039884567,4.18289136887,1.34251892567,ATAD3C,N_Shore
cg16926213,1,1841314,0.180038914084,0.868632671845,1.54957425594,-4.19534063339,-1.34063518047,,S_Shore
cg15211996,1,2936768,0.180282324553,0.868632671845,1.91466975212,-9.70654582977,-1.33988618851,ACTRT2,N_Shore
cg20136951,1,2345400,0.180908709764,0.868632671845,-10.081952095,14.2339773178,1.33796238899,PEX10,N_Shore
cg04873098,1,3165191,0.181385010481,0.868632671845,11.888835907,-16.5408172607,-1.33650267124,PRDM16,S_Shore
cg15818632,1,3017794,0.181909561157,0.868632671845,-3.74665212631,9.08812904358,1.33489859104,PRDM16,
cg00032879,1,2304264,0.182102695107,0.868632671845,-4.63528251648,11.5731754303,1.33430874348,MORN1,Island
cg06513673,1,2357638,0.182457998395,0.868632671845,4.63956832886,-7.45823192596,-1.33322489262,,N_Shelf
cg19904265,1,3166712,0.182478219271,0.868632671845,-2.79988288879,3.79449772835,1.33316326141,PRDM16,S_Shelf
cg05874270,1,2559893,0.183156400919,0.868632671845,-4.25563573837,7.42123222351,1.33109915257,MMEL1,Island
cg05772532,1,2425011,0.185913935304,0.868632671845,6.58455371857,-8.39130878448,-1.32276380062,PLCH2,
cg15496335,1,2377971,0.187008827925,0.868632671845,-1.30689644814,1.73209404945,1.31947958469,,S_Shelf
cg26831087,1,1259070,0.187269717455,0.868632671845,-3.30115175247,7.42041540146,1.31869912148,CPSF3L;GLTPD1,N_Shore
cg06204101,1,2039671,0.187430262566,0.868632671845,6.82997083664,-9.18580150604,-1.31821918488,PRKCZ,N_Shore
cg11414742,1,1288586,0.187789216638,0.868632671845,-2.16384124756,6.52316093445,1.31714737415,MXRA8,N_Shore
cg03043696,1,1820656,0.188441097736,0.868632671845,1.40511608124,-7.76844787598,-1.31520473957,GNB1,N_Shore
cg16348158,1,3036916,0.189491510391,0.868632671845,-5.45399093628,7.31007289886,1.31208479404,PRDM16,N_Shore
cg15549502,1,2268473,0.191316351295,0.868632671845,-2.3582136631,3.87814736366,1.30669486523,MORN1,S_Shelf
cg13321900,1,1455303,0.19374166429,0.868632671845,-4.03800916672,5.6434378624,1.29958963394,ATAD3A,Island
cg11837181,1,3001002,0.194061815739,0.868632671845,-5.56362581253,7.30404186249,1.29865658283,PRDM16,S_Shore
cg23034362,1,3200586,0.194734320045,0.868632671845,6.42279195786,-10.5538663864,-1.29670035839,PRDM16,N_Shelf
cg01520454,1,2304375,0.195474952459,0.868632671845,4.26748895645,-6.20922327042,-1.29455161095,MORN1,Island
cg15833286,1,1873499,0.195615231991,0.868632671845,5.60682630539,-10.9751300812,-1.29414534569,,N_Shore
cg15465501,1,2403699,0.197343379259,0.868632671845,0.31776368618,-2.23529338837,-1.28915739059,,
cg04716261,1,2937999,0.198331564665,0.868632671845,-2.99208974838,4.51067066193,1.28631949425,ACTRT2,N_Shore
cg00359465,1,2004346,0.198546439409,0.868632671845,-6.64386177063,7.86529684067,1.28570377827,PRKCZ,N_Shore
cg08231710,1,1566687,0.201607257128,0.868632671845,-1.33326053619,2.12778234482,1.2769857645,MMP23B;MMP23A,Island
cg13865934,1,2262474,0.202587231994,0.868632671845,-3.40222859383,4.81076669693,1.27421498299,MORN1,N_Shelf
cg18123385,1,2938122,0.20319442451,0.868632671845,8.55175971985,-11.9016618729,-1.27250313759,ACTRT2,N_Shore
cg13306335,1,2345376,0.204656600952,0.868632671845,-9.06709289551,11.8838920593,1.26839590073,PEX10,N_Shore
cg23037871,1,1936711,0.204887881875,0.868632671845,-1.16733777523,2.1659040451,1.26774823666,KIAA1751,S_Shore
cg13183298,1,2376119,0.206492334604,0.868632671845,-8.1579208374,10.0398378372,1.26326954365,,S_Shore
cg25390413,1,2390701,0.206691741943,0.868632671845,6.2480006218,-8.42034244537,-1.2627146244,,S_Shelf
cg12593511,1,3276753,0.20782583952,0.868632671845,4.78024339676,-6.8550157547,-1.25956630707,PRDM16,S_Shore
cg09315878,1,1152580,0.210370287299,0.868632671845,-4.66578722,6.10427379608,1.25254786015,SDF4,Island
cg01242872,1,2772127,0.211100459099,0.868632671845,0.714229762554,-2.01830863953,-1.25054514408,,Island
cg16902087,1,2220497,0.211391404271,0.868632671845,1.74444425106,-3.6965546608,-1.24974858761,SKI,N_Shore
cg03058163,1,1153338,0.212974235415,0.868632671845,3.85934257507,-4.90759658813,-1.24542868137,SDF4,N_Shore
cg06964353,1,1683176,0.21309825778,0.868632671845,-2.08278512955,3.15422654152,1.24509108067,NADK,N_Shelf
cg05117823,1,3056152,0.214159458876,0.868632671845,1.67588841915,-6.41853189468,-1.24220895767,PRDM16,N_Shore
cg04134748,1,3052175,0.215275138617,0.868632671845,-5.40594387054,7.03122091293,1.23918998241,PRDM16,
cg02058628,1,2164542,0.215356916189,0.868632671845,0.836928009987,-2.66940903664,-1.23896920681,SKI,S_Shelf
cg25201541,1,1444416,0.215730592608,0.868632671845,-0.815976202488,1.76702928543,1.23796081543,,N_Shore
cg04493316,1,2999196,0.2159255445,0.868632671845,2.08709454536,-9.26897335052,-1.23743522167,PRDM16,N_Shore
cg09180820,1,2113911,0.217162206769,0.868632671845,3.46127843857,-6.34343528748,-1.23410916328,PRKCZ,N_Shelf
cg17435683,1,3230609,0.217374488711,0.868632671845,-2.39380979538,2.97740006447,1.23353970051,PRDM16,
cg24842354,1,2004057,0.217837274075,0.868632671845,3.42187380791,-6.5038766861,-1.23229932785,PRKCZ,N_Shore
cg11946378,1,1920339,0.219558298588,0.868632671845,-9.71008872986,12.4056053162,1.22770345211,KIAA1751,
cg25101405,1,1398028,0.219893157482,0.868632671845,1.77247214317,-5.96901416779,-1.22681224346,ATAD3C,S_Shore
cg17267508,1,1187974,0.224407359958,0.877915966704,-3.47650837898,6.76625537872,1.21489179134,,N_Shore
cg03136646,1,1567257,0.226200982928,0.877915966704,-0.856220006943,1.34752559662,1.21020305157,MMP23B;MMP23A,Island
cg17421241,1,3201953,0.22962385416,0.877915966704,2.1138420105,-5.50005674362,-1.2013283968,PRDM16,N_Shore
cg17974515,1,2252516,0.22997367382,0.877915966704,-5.7042760849,7.34830999374,1.20042669773,,N_Shore
cg11229415,1,2407652,0.232160329819,0.877915966704,7.5419626236,-14.0774612427,-1.19481241703,PLCH2,N_Shelf
cg11856308,1,1449956,0.232916072011,0.877915966704,4.33849096298,-6.21341371536,-1.1928807497,ATAD3A,S_Shore
cg02144516,1,1311909,0.23340010643,0.877915966704,-5.3781785965,8.15648365021,1.19164597988,AURKAIP1,S_Shore
cg15492552,1,1297576,0.233657330275,0.877915966704,2.42551088333,-3.61799788475,-1.190990448,,
cg09172260,1,1536101,0.234690606594,0.877915966704,-2.41625547409,4.76354980469,1.18836259842,,Island
cg24439334,1,2345374,0.234984502196,0.877915966704,5.38582086563,-7.90855121613,-1.18761658669,PEX10,N_Shore
cg17429686,1,2571229,0.23591080308,0.877915966704,1.98726129532,-8.80002117157,-1.18526983261,,N_Shelf
cg11854493,1,2429996,0.236558049917,0.877915966704,-2.56191253662,2.96593022346,1.18363380432,PLCH2,N_Shelf
cg20929733,1,1572082,0.23837980628,0.877915966704,-6.83043861389,8.27396774292,1.17904615402,CDK11B,S_Shore
cg06912282,1,1563001,0.238712057471,0.877915966704,-7.97358083725,9.95626735687,1.17821216583,MIB2,N_Shore
cg00580652,1,1951356,0.238828524947,0.877915966704,8.65442752838,-10.9522447586,-1.17791998386,GABRD,Island
cg21422400,1,1747243,0.24066016078,0.880572201195,1.08999550343,-2.27211356163,-1.17333829403,GNB1,
cg23273418,1,3042459,0.242601931095,0.883605198576,0.823227226734,-2.17429184914,-1.16850793362,PRDM16,
cg08884752,1,2162001,0.245591774583,0.885597238051,-2.16178750992,2.83035159111,1.16112327576,SKI,S_Shore
cg16048006,1,2065263,0.247677713633,0.885597238051,1.29486131668,-4.07418060303,-1.15600836277,PRKCZ,N_Shore
cg02481000,1,2082349,0.24825938046,0.885597238051,-11.2178668976,14.7812290192,1.15458750725,PRKCZ,Island
cg15564619,1,2163437,0.249147310853,0.885597238051,-5.45190858841,6.93331718445,1.15242290497,SKI,S_Shelf
cg13420413,1,2347015,0.249657928944,0.885597238051,-3.26360249519,11.8573904037,1.15118062496,,S_Shore
cg26153353,1,3120516,0.249841034412,0.885597238051,0.768693864346,-1.30805623531,-1.15073561668,PRDM16,
cg03296283,1,2928403,0.252210140228,0.885956667068,-1.94806027412,5.9798617363,1.14499759674,,N_Shore
cg12441214,1,3200470,0.252884089947,0.885956667068,-1.36797618866,2.74868249893,1.14337217808,PRDM16,N_Shelf
cg12804677,1,3055958,0.253289878368,0.885956667068,-3.47270417213,4.68911647797,1.14239501953,PRDM16,N_Shore
cg22962923,1,1839959,0.257954567671,0.895590828496,6.66675853729,-8.83460998535,-1.13123881817,,Island
cg01490733,1,2247066,0.258300125599,0.895590828496,2.17660522461,-4.36545944214,-1.13041806221,,Island
cg02279987,1,1181757,0.262036681175,0.898094530544,-3.31521320343,4.56846857071,1.12159025669,FAM132A,Island
cg21285056,1,2407718,0.262911021709,0.898094530544,-6.79623842239,10.2753925323,1.11953723431,PLCH2,N_Shelf
cg13102889,1,2463136,0.263175457716,0.898094530544,10.4227828979,-14.7578639984,-1.11891722679,HES5,S_Shore
cg27187555,1,3269252,0.264496475458,0.898094530544,6.18857860565,-8.85948848724,-1.11582636833,PRDM16,
cg23738443,1,2269871,0.264677733183,0.898094530544,-8.17424297333,10.1951122284,1.11540305614,MORN1,S_Shelf
cg19098932,1,2345152,0.270415723324,0.902181481729,0.343799591064,-1.57847559452,-1.10210561752,PEX10,N_Shore
cg23932261,1,2876546,0.271373212337,0.902181481729,-4.03950738907,5.61673784256,1.09990572929,,Island
cg19911801,1,2435632,0.271444231272,0.902181481729,-1.8250619173,2.52415513992,1.0997427702,PLCH2,Island
cg19862782,1,1153924,0.271862745285,0.902181481729,-3.79290485382,4.72327423096,1.098782897,SDF4,Island
cg11229611,1,1217103,0.272602021694,0.902181481729,-6.51391553879,8.51933670044,1.09709012508,SCNN1D,
cg16704920,1,2169407,0.273939400911,0.902181481729,-4.90680885315,7.65548181534,1.09403550625,SKI,
cg22349332,1,2252794,0.275003701448,0.902181481729,-3.4415204525,7.192507267,1.09161198139,MORN1,N_Shore
cg26785823,1,2482001,0.276115238667,0.902181481729,-1.58943331242,3.50946736336,1.08908760548,LOC115110,S_Shelf
cg20664247,1,2345475,0.276955187321,0.902181481729,-1.47204017639,1.89354920387,1.08718466759,PEX10,N_Shore
cg03665132,1,2137325,0.27724468708,0.902181481729,4.25023126602,-6.76881980896,-1.08652973175,C1orf86,Island
cg08937102,1,1690389,0.278731644154,0.902756670626,6.16649055481,-8.18215274811,-1.08317291737,NADK,N_Shore
cg04871460,1,1991521,0.279695391655,0.902756670626,0.866272449493,-3.53206324577,-1.08100390434,PRKCZ,S_Shore
cg16252905,1,1150936,0.282322257757,0.904716448545,0.734023213387,-1.48669183254,-1.07511723042,TNFRSF4,N_Shore
cg13591369,1,2005564,0.282598525286,0.904716448545,-6.55512714386,10.4925699234,1.07450020313,PRKCZ,Island
cg15356494,1,1974941,0.284555315971,0.904716448545,1.840695858,-3.21802997589,-1.07014214993,,Island
cg21475097,1,3164642,0.284860342741,0.904716448545,-2.49106740952,3.30842733383,1.06946468353,PRDM16,Island
cg23689722,1,3100956,0.286187380552,0.90530988111,3.26760721207,-4.7481045723,-1.06652271748,PRDM16,N_Shore
cg00297832,1,1565541,0.288894504309,0.907387947848,3.47065186501,-4.72287940979,-1.06054997444,MIB2,Island
cg24296621,1,1444995,0.289129912853,0.907387947848,6.20211696625,-8.44639873505,-1.0600322485,,N_Shore
cg03082523,1,3155965,0.292633831501,0.910274269728,-4.81814527512,6.39639997482,1.05236124992,PRDM16,N_Shore
cg08200543,1,2121449,0.294562697411,0.910274269728,2.71730661392,-6.18169021606,-1.04816484451,LOC100128003;C1orf86,Island
cg02625725,1,1264265,0.295029193163,0.910274269728,6.05384969711,-7.95293331146,-1.04715263844,GLTPD1,N_Shore
cg00254258,1,3105189,0.295545488596,0.910274269728,1.36258661747,-2.29725837708,-1.04603362083,PRDM16,Island
cg24074480,1,2723015,0.296792507172,0.910274269728,0.610224485397,-1.79963994026,-1.04333639145,,
cg17869799,1,1197095,0.29692825675,0.910274269728,-0.687148332596,2.82845330238,1.04304325581,LOC100128842;UBE2J2,
cg00154846,1,2130580,0.300120055676,0.916520477717,1.33273863792,-4.13940429688,-1.03617596626,C1orf86,S_Shelf
cg21921584,1,1572457,0.301691859961,0.916816239366,-5.54572200775,6.99328660965,1.03281199932,CDK11B,S_Shore
cg08114317,1,1935535,0.302526265383,0.916816239366,-1.42002081871,3.00940084457,1.03103101254,KIAA1751,S_Shore
cg07817856,1,2501937,0.306792259216,0.921914595186,-6.13918924332,7.1146235466,1.02197599411,,
cg05937445,1,2135589,0.307474762201,0.921914595186,1.25501322746,-6.27526044846,-1.02053511143,C1orf86,N_Shore
cg17463432,1,3054665,0.308189153671,0.921914595186,1.67042195797,-8.05085086823,-1.01902902126,PRDM16,N_Shore
cg13850019,1,2245895,0.308853000402,0.921914595186,1.12182676792,-4.31109619141,-1.01763176918,,Island
cg04865726,1,1365911,0.312076926231,0.92452215846,2.49405288696,-3.53872060776,-1.01087355614,,S_Shelf
cg10696969,1,3104042,0.314647436142,0.92452215846,1.62608075142,-4.66872739792,-1.0055180788,PRDM16,N_Shore
cg02687883,1,2266431,0.31500929594,0.92452215846,-4.71040725708,6.78147745132,1.00476658344,MORN1,Island
cg23036947,1,1294018,0.315041542053,0.92452215846,3.25954723358,-5.40230226517,-1.00469958782,MXRA8,S_Shelf
cg09064061,1,1336592,0.31716054678,0.92452215846,1.92207932472,-2.79344773293,-1.00030994415,LOC148413,S_Shore
cg26222332,1,3072643,0.31764960289,0.92452215846,2.80827093124,-10.8273992538,-0.999299585819,PRDM16,S_Shore
cg04259720,1,2411594,0.319615781307,0.92452215846,-3.31565403938,5.18026781082,0.995247721672,PLCH2,S_Shore
cg17456545,1,1669215,0.320185929537,0.92452215846,0.413625508547,-1.87144315243,-0.994075894356,SLC35E2,N_Shore
cg18348086,1,1104526,0.321101456881,0.92452215846,3.11267399788,-4.36271429062,-0.992196977139,,S_Shelf
cg10952596,1,3162922,0.32137042284,0.92452215846,-1.06935560703,3.31789565086,0.991645634174,PRDM16,N_Shore
cg16813854,1,1920667,0.322896808386,0.924885054715,2.15595722198,-3.36434841156,-0.988522529602,KIAA1751,
cg14169886,1,3111849,0.323826253414,0.924885054715,1.001314044,-1.92644512653,-0.986625552177,PRDM16,Island
cg01004918,1,2731370,0.325907170773,0.927492091733,1.817679286,-7.33764314651,-0.982391178608,,
cg04347414,1,2084519,0.327457487583,0.928575875504,2.6922082901,-3.89681887627,-0.979247927666,PRKCZ,S_Shore
cg15029248,1,2379937,0.333030968904,0.937547361472,8.70813655853,-12.9784231186,-0.968026816845,,
cg20674014,1,1225219,0.333191156387,0.937547361472,2.24416971207,-4.43847894669,-0.967706143856,SCNN1D,N_Shelf
cg07797073,1,1982791,0.334163606167,0.937547361472,3.544090271,-6.6413769722,-0.965761363506,PRKCZ,Island
cg00295182,1,2456436,0.33561372757,0.938300351022,4.09916830063,-8.9109621048,-0.962868094444,PANK4,N_Shore
cg19825974,1,3163341,0.340866744518,0.943005667329,4.62513065338,-7.4396686554,-0.952454090118,PRDM16,N_Shore
cg06909630,1,1217130,0.341081261635,0.943005667329,2.08798289299,-3.64214706421,-0.952030956745,SCNN1D,
cg22678044,1,2368610,0.344281643629,0.943005667329,2.93588447571,-7.02688598633,-0.945739150047,,N_Shelf
cg09182189,1,1709203,0.344919264317,0.943005667329,2.84496331215,-3.68845868111,-0.944490075111,NADK,N_Shore
cg09560161,1,2065242,0.345378041267,0.943005667329,1.24403691292,-4.62580728531,-0.943592250347,PRKCZ,N_Shore
cg17848797,1,1198269,0.345423817635,0.943005667329,0.250029474497,-1.13914322853,-0.943502724171,LOC100128842;UBE2J2,
cg09556527,1,1239259,0.347107172012,0.943005667329,1.72704875469,-5.88388299942,-0.940215229988,ACAP3,N_Shelf
cg22489883,1,2537547,0.348288029432,0.943005667329,1.10125982761,-4.91337585449,-0.937915086746,MMEL1,N_Shore
cg06447122,1,3181532,0.3494836092,0.943005667329,-2.53758358955,5.7211022377,0.93559139967,PRDM16,N_Shore
cg02769781,1,1713676,0.350737392902,0.943005667329,-1.74261510372,2.24599432945,0.933159947395,,Island
cg08733933,1,2954429,0.351592957973,0.943005667329,0.626203358173,-2.06335830688,-0.931503891945,,
cg19404444,1,2164602,0.352863311768,0.943005667329,0.870835483074,-2.4976348877,-0.929049730301,SKI,S_Shelf
cg07016682,1,2343349,0.353328287601,0.943005667329,3.82895207405,-5.50370597839,-0.928152799606,PEX10,N_Shore
cg23606171,1,2559822,0.354471772909,0.943005667329,-2.60888004303,4.08786201477,0.925950407982,MMEL1,N_Shore
cg17016101,1,1907127,0.355573058128,0.943005667329,-0.74964171648,2.36793708801,0.923833429813,KIAA1751,N_Shelf
cg02492207,1,1560894,0.356299370527,0.943005667329,1.42629420757,-5.30018186569,-0.922439515591,MIB2,Island
cg18509466,1,2987961,0.35865047574,0.943833279738,4.65835809708,-6.31019449234,-0.917939603329,PRDM16,Island
cg24314879,1,2435236,0.359686940908,0.943833279738,-0.937266528606,1.13525867462,0.915961802006,PLCH2,Island
cg22109675,1,1297567,0.364536911249,0.943833279738,-3.0069000721,6.74863195419,0.906753957272,,
cg22674798,1,3096360,0.364721268415,0.943833279738,6.89493656158,-9.5620059967,-0.906405508518,PRDM16,
cg02506753,1,1245184,0.365522354841,0.943833279738,3.27105641365,-5.21751832962,-0.904892504215,PUSL1,Island
cg23087661,1,2940825,0.367149651051,0.943833279738,-4.86157464981,8.52135562897,0.9018253088,,S_Shore
cg24153574,1,1296956,0.373538851738,0.943833279738,1.30139350891,-4.42919826508,-0.889864087105,,
cg00996827,1,2838805,0.374879330397,0.943833279738,-2.87672996521,5.15746545792,0.887370705605,,
cg26578072,1,1108521,0.376800447702,0.943833279738,-3.32220292091,3.99857616425,0.883806943893,TTLL10,N_Shore
cg05697866,1,2437200,0.377695024014,0.943833279738,2.81964325905,-4.41001605988,-0.882151246071,,S_Shore
cg10556142,1,2385305,0.378290712833,0.943833279738,-7.48855876923,10.2497873306,0.881050109863,,N_Shelf
cg24879939,1,3230647,0.380287736654,0.943833279738,1.68089365959,-2.935765028,-0.877366244793,PRDM16,
cg27294168,1,2259878,0.381228834391,0.943833279738,2.27843093872,-3.17489528656,-0.875634372234,MORN1,S_Shore
cg15468976,1,2106222,0.382640063763,0.943833279738,-2.14831256866,5.66673564911,0.873042225838,PRKCZ,
cg05523897,1,2139175,0.383872747421,0.943833279738,0.527950048447,-2.1020526886,-0.870782852173,C1orf86,S_Shore
cg06092084,1,1858106,0.384295672178,0.943833279738,-0.643299102783,1.56214916706,0.870008647442,,N_Shore
cg26267852,1,2418450,0.386334240437,0.943833279738,-0.945061504841,1.73295092583,0.866284310818,PLCH2,S_Shelf
cg17266431,1,1711069,0.387179285288,0.943833279738,-7.22679948807,8.99386024475,0.864744007587,NADK,S_Shore
cg03347306,1,3216677,0.387274891138,0.943833279738,0.277717977762,-1.13150835037,-0.86456990242,PRDM16,
cg03226435,1,3058199,0.388822138309,0.943833279738,-1.71018397808,4.72656488419,0.861755430698,PRDM16,N_Shore
cg05337761,1,2121349,0.38985490799,0.943833279738,-0.962296664715,1.23668420315,0.859880506992,LOC100128003;C1orf86,Island
cg09151801,1,1471210,0.389891803265,0.943833279738,-2.44527196884,3.45334839821,0.859813630581,C1orf70,Island
cg19083977,1,1712885,0.391307204962,0.943833279738,-0.545869529247,1.03084778786,0.857249140739,,N_Shore
cg11390151,1,2387810,0.391770094633,0.943833279738,0.730296671391,-4.24306201935,-0.85641169548,,Island
cg00849570,1,3162104,0.39309668541,0.943833279738,-3.10270261765,4.43930149078,0.854014992714,PRDM16,N_Shore
cg26808154,1,2285178,0.396748036146,0.943833279738,-1.34748089314,4.2527680397,0.847443342209,MORN1;LOC100129534,
cg17122213,1,1564920,0.397224485874,0.943833279738,-2.11003732681,4.37270259857,0.846588551998,MIB2,Island
cg22851557,1,3038068,0.39977273345,0.943833279738,-1.36584436893,4.74424505234,0.842027187347,PRDM16,Island
cg16694785,1,3163710,0.400014072657,0.943833279738,3.43152236938,-5.68441295624,-0.841596066952,PRDM16,N_Shore
cg13918804,1,2043761,0.401780188084,0.943833279738,2.03893327713,-3.57421302795,-0.838446140289,PRKCZ,N_Shelf
cg18120323,1,1978732,0.401948034763,0.943833279738,-0.920504331589,1.09649074078,0.838147163391,,N_Shelf
cg01196079,1,3201858,0.403476387262,0.943833279738,1.58461046219,-2.54466795921,-0.835428655148,PRDM16,N_Shore
cg10220117,1,2501853,0.411186903715,0.943833279738,-1.80766582489,2.50297307968,0.82180672884,,
cg04232360,1,2792744,0.414582192898,0.943833279738,-4.67094373703,5.84210443497,0.815856575966,,
cg09321238,1,3072001,0.415805131197,0.943833279738,5.26544761658,-9.69675064087,-0.813720464706,PRDM16,Island
cg06967105,1,1104265,0.419581711292,0.943833279738,2.51648139954,-3.34686183929,-0.807147145271,MIR429,S_Shelf
cg06824523,1,2411612,0.419797927141,0.943833279738,-4.55826854706,6.33560752869,0.806771874428,PLCH2,S_Shore
cg02896354,1,2262923,0.42014208436,0.943833279738,-1.24289643764,4.82954549789,0.806174755096,MORN1,N_Shelf
cg00153101,1,2431753,0.421360045671,0.943833279738,-3.23851633072,5.64622926712,0.804063916206,PLCH2,N_Shore
cg00078456,1,1564422,0.423565626144,0.943833279738,5.90423631668,-7.9716386795,-0.800250589848,MIB2,Island
cg13804377,1,2561122,0.423623710871,0.943833279738,-3.37157559395,4.22852182388,0.800150334835,MMEL1,S_Shore
cg04771433,1,2064216,0.423776298761,0.943833279738,0.555374324322,-1.87563276291,-0.79988694191,PRKCZ,N_Shore
cg17507949,1,1355999,0.424182981253,0.943833279738,-0.946762979031,2.30864310265,0.799185276031,LOC441869,Island
cg19092396,1,1143751,0.425514191389,0.943833279738,-3.69516849518,4.70053672791,0.796891212463,,N_Shore
cg14508832,1,2404894,0.427404075861,0.943833279738,0.292302161455,-0.818141520023,-0.79364168644,,
cg10583942,1,1142892,0.428069710732,0.943833279738,5.12763929367,-6.67371702194,-0.792499125004,TNFRSF18,S_Shore
cg08535779,1,2475961,0.432733207941,0.943833279738,-2.26138615608,4.34419584274,0.784523129463,,N_Shore
cg03396347,1,1875803,0.432783156633,0.943833279738,1.47385644913,-3.0041987896,-0.78443801403,,Island
cg18269141,1,2063966,0.434640020132,0.943833279738,-0.712883412838,1.22051668167,0.781276285648,PRKCZ,Island
cg09105687,1,2536647,0.434723556042,0.943833279738,0.500075280666,-2.01505446434,-0.78113424778,MMEL1,N_Shore
cg15678662,1,2465544,0.435385972261,0.943833279738,3.56598472595,-4.73523187637,-0.780008375645,,N_Shore
cg25880537,1,2365337,0.437748283148,0.943833279738,3.21761417389,-4.27393293381,-0.776001214981,,
cg09119863,1,3129238,0.438423871994,0.943833279738,-3.12067556381,4.37531280518,0.774857461452,PRDM16,
cg00492341,1,2526950,0.438700437546,0.943833279738,-0.495877683163,0.66303229332,0.774389564991,MMEL1,N_Shore
cg14171824,1,2006656,0.441030293703,0.943833279738,-4.41157484055,8.39953136444,0.770454585552,PRKCZ,S_Shore
cg23244095,1,1476269,0.44109043479,0.943833279738,-1.36932826042,5.89846086502,0.770353198051,C1orf70,Island
cg00175702,1,2109388,0.441734462976,0.943833279738,4.67583560944,-6.34047698975,-0.769267618656,PRKCZ,
cg08933284,1,1111095,0.442405492067,0.943833279738,3.27779483795,-6.14340734482,-0.768137514591,TTLL10,S_Shore
cg21209214,1,3044804,0.442786574364,0.943833279738,-0.508266091347,0.865480065346,0.767496168613,PRDM16,
cg06174563,1,1851910,0.442926347256,0.943833279738,0.952465951443,-2.14328122139,-0.76726102829,TMEM52,S_Shore
cg06157219,1,2063875,0.443044453859,0.943833279738,-1.07100439072,1.60727751255,0.767062306404,PRKCZ,Island
cg11946666,1,3247595,0.443432331085,0.943833279738,-7.92470502853,10.0365886688,0.766410112381,PRDM16,
cg18181492,1,2340084,0.445372223854,0.943833279738,-3.56550168991,7.59427785873,0.763152897358,PEX10,Island
cg17942763,1,2163472,0.447440266609,0.943833279738,-1.64047026634,3.11005878448,0.759689390659,SKI,S_Shelf
cg03126058,1,3282757,0.448480278254,0.943833279738,-2.50460219383,4.0830078125,0.757951080799,PRDM16,
cg07972116,1,2822822,0.448639422655,0.943833279738,3.44777822495,-4.7737698555,-0.757685244083,,
cg25311963,1,1546691,0.452250987291,0.943833279738,3.15211963654,-4.46267127991,-0.751667559147,,N_Shelf
cg21285198,1,1360970,0.452857464552,0.943833279738,-0.562332808971,1.14324843884,0.750659704208,TMEM88B,N_Shore
cg07363144,1,2796691,0.453748464584,0.943833279738,1.15794837475,-3.86298108101,-0.749180436134,,
cg05787839,1,2274735,0.454011321068,0.943833279738,-5.82110786438,7.25744915009,0.748744308949,MORN1,N_Shore
cg21107210,1,2253813,0.4545994699,0.943833279738,2.0054359436,-3.0595510006,-0.747769057751,MORN1,Island
cg02587648,1,2023258,0.45507094264,0.943833279738,0.621890544891,-3.21968150139,-0.746987760067,PRKCZ,N_Shore
cg19621710,1,1404170,0.455412507057,0.943833279738,0.771681904793,-2.90022683144,-0.746422052383,ATAD3C,N_Shelf
cg02393699,1,2106620,0.455708175898,0.943833279738,-5.61775827408,8.11524486542,0.745932519436,PRKCZ,
cg22161575,1,1229112,0.456403195858,0.943833279738,0.406313180923,-0.880091190338,-0.74478250742,ACAP3,Island
cg03427058,1,1565025,0.457510918379,0.943833279738,-0.574582993984,0.772405207157,0.742951691151,MIB2,Island
cg01431482,1,2989085,0.459560513496,0.943833279738,-3.2049100399,8.09489536285,0.739570736885,PRDM16,N_Shore
cg15102821,1,1844801,0.460385143757,0.943833279738,-0.507756650448,1.04257571697,0.738212764263,CALML6,
cg06169627,1,2938819,0.460615634918,0.943833279738,-0.741307377815,1.31819784641,0.737833499908,ACTRT2,Island
cg24087944,1,1950111,0.461995989084,0.943833279738,5.60043859482,-7.29224014282,-0.735564172268,GABRD,N_Shore
cg18023674,1,2424003,0.462243944407,0.943833279738,-2.52595591545,5.73352575302,0.73515689373,PLCH2,
cg14661234,1,1149192,0.463028311729,0.943833279738,-2.14794182777,3.62225937843,0.733869433403,TNFRSF4,Island
cg19084427,1,2284530,0.463048577309,0.943833279738,-2.30585646629,4.47175693512,0.733836233616,MORN1;LOC100129534,
cg09864992,1,1309161,0.464339017868,0.943833279738,-4.50458717346,5.72962760925,0.731720745564,AURKAIP1,Island
cg22536775,1,1851439,0.465494245291,0.943833279738,0.492585480213,-1.0762348175,-0.729829788208,TMEM52,S_Shore
cg06415891,1,2467096,0.466574519873,0.943833279738,-5.4679312706,6.72252845764,0.728063821793,,Island
cg01449266,1,2109999,0.467015624046,0.943833279738,-0.41760674119,0.640441417694,0.727343380451,PRKCZ,
cg15935121,1,2230601,0.467079132795,0.943833279738,-1.66495525837,2.61689090729,0.727239727974,SKI,N_Shore
cg27301475,1,1472146,0.470096051693,0.943833279738,-4.46841859818,5.53849649429,0.722322821617,C1orf70,N_Shore
cg13570957,1,1375556,0.472874045372,0.943833279738,0.441052049398,-1.07386398315,-0.717810690403,VWA1,Island
cg20627546,1,1451383,0.474817484617,0.943833279738,-3.81370472908,4.71392917633,0.714662671089,ATAD3A,N_Shore
cg26795248,1,1375967,0.474953591824,0.943833279738,-4.38995552063,5.65453386307,0.714442551136,VWA1,S_Shore
cg25382214,1,3105252,0.475908964872,0.943833279738,2.09297919273,-2.99991059303,-0.712897837162,PRDM16,Island
cg20613432,1,2799579,0.477232158184,0.943833279738,2.44922804832,-3.39001774788,-0.71076130867,,
cg10626236,1,1631100,0.478195250034,0.943833279738,-1.36018693447,4.16996002197,0.709208250046,CDK11B;MMP23A,Island
cg00262621,1,1566374,0.478385210037,0.943833279738,2.81686377525,-3.87415289879,-0.70890212059,MMP23B,Island
cg18382926,1,1113624,0.480568915606,0.943833279738,-3.23083090782,4.26168012619,0.705387830734,TTLL10,N_Shore
cg24741666,1,3038707,0.481020569801,0.943833279738,1.4712998867,-2.4105591774,-0.704662024975,PRDM16,S_Shore
cg26335530,1,2060642,0.481459110975,0.943833279738,-1.83178567886,4.99573612213,0.703957676888,PRKCZ,N_Shelf
cg13360866,1,1135492,0.482297360897,0.943833279738,-2.67946100235,3.270144701,0.70261234045,,N_Shore
cg03469790,1,1953419,0.482722848654,0.943833279738,1.46183347702,-6.88619375229,-0.701929926872,GABRD,S_Shore
cg20848343,1,2887080,0.483696073294,0.943833279738,2.05367445946,-3.64180850983,-0.700370311737,,S_Shore
cg16560209,1,2207859,0.484259009361,0.943833279738,-0.677886486053,1.06652343273,0.699468910694,SKI,
cg20426768,1,1296671,0.485305011272,0.943833279738,2.02544140816,-3.19889211655,-0.697795629501,,
cg01692088,1,2476749,0.485805124044,0.943833279738,0.284864783287,-1.33035051823,-0.69699627161,,N_Shore
cg01927825,1,2121724,0.486388623714,0.943833279738,-1.59879148006,1.88911890984,0.69606423378,LOC100128003;C1orf86,Island
cg09843049,1,1373316,0.4888035357,0.943833279738,-2.71325612068,3.53088307381,0.692213058472,VWA1,N_Shore
cg09368716,1,1361655,0.489515721798,0.943833279738,6.21893501282,-7.91021633148,-0.691079318523,TMEM88B,Island
cg19243842,1,3058521,0.492878496647,0.943833279738,2.37479901314,-4.0600810051,-0.685737729073,PRDM16,N_Shore
cg20699701,1,3089762,0.494382321835,0.943833279738,-1.6858137846,2.56907272339,0.683355391026,PRDM16,
cg00314892,1,2428080,0.495571881533,0.943833279738,2.19313192368,-3.72763180733,-0.681473612785,PLCH2,
cg21681320,1,3011044,0.495876044035,0.943833279738,-3.8205974102,5.14753675461,0.680992782116,PRDM16,
cg22421766,1,1217658,0.49758502841,0.943833279738,-1.80592811108,2.43955564499,0.678294420242,SCNN1D,
cg11228874,1,1813727,0.498225659132,0.943833279738,1.78729987144,-2.7650475502,-0.677284181118,GNB1,
cg04788743,1,2305060,0.500229179859,0.943833279738,1.97162890434,-2.82991194725,-0.674129188061,MORN1,S_Shore
cg22122862,1,2987914,0.501677691936,0.943833279738,-0.849583268166,2.96021437645,0.67185229063,PRDM16,Island
cg03976856,1,2764669,0.502297341824,0.943833279738,-0.923640429974,1.35985505581,0.670879364014,,
cg23025459,1,3134420,0.502544701099,0.943833279738,-5.05138587952,6.24749422073,0.670491218567,PRDM16,
cg07045460,1,3194247,0.502714455128,0.943833279738,0.940961122513,-4.88892030716,-0.670224905014,PRDM16,N_Shore
cg23950223,1,3113088,0.504770815372,0.943833279738,-1.22479569912,1.49349534512,0.667002081871,PRDM16,S_Shore
cg08636115,1,3179762,0.504930734634,0.943833279738,-1.69423401356,2.44409060478,0.666751682758,PRDM16,N_Shelf
cg13460934,1,3003690,0.506555140018,0.943833279738,4.48188447952,-6.07794570923,-0.664211213589,PRDM16,S_Shelf
cg04563718,1,2565777,0.506895959377,0.943833279738,2.09406256676,-3.58277440071,-0.663678765297,MMEL1,
cg00104098,1,2302183,0.507529914379,0.943833279738,0.250836730003,-1.25233089924,-0.662688732147,MORN1,N_Shore
cg14790876,1,2798280,0.510092437267,0.943833279738,0.991212844849,-1.53088319302,-0.658693730831,,
cg24252805,1,1266548,0.510323166847,0.943833279738,0.661514878273,-1.40472757816,-0.658334612846,TAS1R3,N_Shore
cg13687348,1,2725131,0.514478683472,0.943833279738,0.229527726769,-0.601228415966,-0.65187984705,,
cg21402748,1,2838849,0.517952978611,0.943833279738,-1.50896918774,5.84457778931,0.646503984928,,
cg09860601,1,1374601,0.518434047699,0.943833279738,1.81294512749,-3.14105677605,-0.64576113224,VWA1,Island
cg06203364,1,2137307,0.518852770329,0.943833279738,0.997580707073,-1.48883092403,-0.645114839077,C1orf86,Island
cg11961999,1,2104478,0.521055221558,0.943833279738,-2.24835419655,3.14103722572,0.641719639301,PRKCZ,
cg23955334,1,1543828,0.521960318089,0.943833279738,1.36956942081,-4.24218654633,-0.640326619148,,
cg12048375,1,1639347,0.523685753345,0.943833279738,-2.77555370331,4.57579278946,0.63767427206,CDK11A;CDK11B,
cg19018051,1,1625395,0.524423241615,0.943833279738,0.469813793898,-0.913059353828,-0.636541962624,LOC728661;CDK11B,S_Shore
cg26910870,1,2046928,0.524480819702,0.943833279738,-3.97647428513,5.03676891327,0.636453568935,PRKCZ,S_Shore
cg14270725,1,1289806,0.524861395359,0.943833279738,2.22679018974,-4.24838972092,-0.635869681835,MXRA8,Island
cg23632393,1,2145116,0.525323688984,0.943833279738,0.350280225277,-1.47105395794,-0.635160565376,,S_Shore
cg17890044,1,2994372,0.527689933777,0.943833279738,3.42462277412,-5.31706237793,-0.631536304951,PRDM16,N_Shelf
cg25685675,1,1309331,0.528924942017,0.943833279738,-2.73009324074,3.53450894356,0.6296479702,AURKAIP1,Island
cg18392644,1,1951466,0.529331505299,0.943833279738,-3.50824999809,4.56464767456,0.629026770592,GABRD,Island
cg24555071,1,1358016,0.53148072958,0.943833279738,3.2647383213,-4.54183101654,-0.625747323036,LOC441869,N_Shelf
cg15007228,1,2210335,0.532298386097,0.943833279738,2.27814483643,-5.33388471603,-0.624501347542,SKI,N_Shore
cg15132013,1,2163529,0.535092532635,0.943833279738,2.33667707443,-3.43595790863,-0.620251059532,SKI,S_Shelf
cg24503109,1,1897585,0.536007404327,0.943833279738,1.25638473034,-1.80620610714,-0.618861734867,KIAA1751,Island
cg02850689,1,2391347,0.53749614954,0.943833279738,1.80565965176,-3.07329297066,-0.616603672504,,S_Shelf
cg02237208,1,2250525,0.539106428623,0.943833279738,3.09516096115,-4.10291004181,-0.614164829254,,S_Shore
cg11731671,1,2995604,0.539641916752,0.943833279738,1.24338281155,-2.44136476517,-0.613354623318,PRDM16,N_Shore
cg20747739,1,1183257,0.541742026806,0.943833279738,-1.13346838951,3.58197331429,0.610180854797,FAM132A,S_Shore
cg04847649,1,2406795,0.542807042599,0.943833279738,1.70656049252,-2.39583110809,-0.608573675156,PLCH2,N_Shelf
cg08739115,1,3139650,0.543187737465,0.943833279738,-1.28590464592,3.04574728012,0.607999563217,PRDM16,
cg15840005,1,2139905,0.543673336506,0.943833279738,-2.80894589424,4.21582221985,0.607267558575,C1orf86,S_Shelf
cg09506319,1,2122601,0.544195234776,0.943833279738,-2.29703259468,4.11956691742,0.606481254101,LOC100128003;C1orf86,S_Shore
cg26687579,1,2243111,0.544548869133,0.943833279738,-1.23775374889,1.83330237865,0.60594856739,,N_Shelf
cg03324138,1,2250410,0.550634384155,0.943833279738,-1.00887143612,2.5786755085,0.596809744835,,S_Shore
cg03466562,1,2220317,0.550673902035,0.943833279738,0.366608977318,-1.36942791939,-0.596750557423,SKI,N_Shore
cg12656307,1,2349734,0.551681995392,0.943833279738,-0.589976429939,1.74642050266,0.595241606236,,S_Shelf
cg26863172,1,1361729,0.553409457207,0.943833279738,1.67642271519,-6.87112998962,-0.592658877373,TMEM88B,Island
cg20351495,1,2408494,0.553780913353,0.943833279738,-1.86246991158,2.54907488823,0.592104017735,PLCH2,N_Shore
cg09469812,1,2899497,0.554441869259,0.943833279738,-3.33022212982,4.04820632935,0.591117203236,,
cg24518098,1,2146288,0.554457068443,0.943833279738,-3.17583394051,4.40341663361,0.591094553471,,S_Shore
cg15924570,1,1144724,0.555500626564,0.943833279738,-0.931960642338,3.07704019547,0.589537680149,,N_Shore
cg24688471,1,2542815,0.556770861149,0.943833279738,1.1493806839,-3.15521740913,-0.587644577026,MMEL1,
cg00113369,1,2977861,0.557135999203,0.943833279738,-1.23559546471,2.51563334465,0.587100803852,FLJ42875,N_Shore
cg11804692,1,2777158,0.559193372726,0.943833279738,-2.93198394775,3.59185266495,0.584040045738,,Island
cg13103143,1,1946688,0.561007678509,0.943833279738,0.680410385132,-3.02902626991,-0.581345438957,,N_Shelf
cg12582330,1,2473224,0.561477601528,0.943833279738,-0.579003632069,1.17110610008,0.580648183823,,S_Shore
cg00294152,1,1348792,0.561784982681,0.943833279738,0.968818366528,-4.76018428802,-0.580192267895,,
cg07147033,1,1549615,0.563535094261,0.943833279738,-1.45173597336,4.13001012802,0.577598690987,MIB2,N_Shore
cg00829990,1,2928964,0.563625276089,0.943833279738,-1.71022188663,2.81530570984,0.577465116978,,N_Shore
cg25845463,1,2064046,0.564317822456,0.943833279738,0.229245170951,-1.31328880787,-0.576439976692,PRKCZ,Island
cg09439264,1,1230073,0.566197752953,0.943833279738,1.08773481846,-1.84862518311,-0.573660194874,ACAP3,Island
cg08738570,1,1475265,0.568553745747,0.943833279738,-2.09075951576,2.87609815598,0.570182800293,C1orf70,N_Shore
cg22226775,1,3008033,0.570017695427,0.943833279738,-0.853967726231,1.18706643581,0.568025410175,PRDM16,
cg06063714,1,1951514,0.570549070835,0.943833279738,0.544918715954,-0.923653900623,-0.567243039608,GABRD,S_Shore
cg21165029,1,1297202,0.571040630341,0.943833279738,-2.89259552956,3.54493880272,0.56651955843,,
cg16578609,1,2399051,0.571661710739,0.943833279738,0.547965526581,-2.65288734436,-0.56560587883,,Island
cg23218354,1,2885244,0.573978841305,0.943833279738,1.0717446804,-1.75122082233,-0.562201321125,,Island
cg12655137,1,1609388,0.575101613998,0.943833279738,-2.00178360939,4.05658769608,0.560554027557,LOC728661;CDK11B,S_Shore
cg22497969,1,3143018,0.575666069984,0.943833279738,0.180898308754,-0.717067420483,-0.559726417065,PRDM16,
cg16417118,1,2162931,0.577440857887,0.943833279738,-2.67841148376,3.27440595627,0.557126700878,SKI,S_Shore
cg10626107,1,2564880,0.58103376627,0.943833279738,-1.01352155209,2.54229712486,0.551875293255,MMEL1,S_Shelf
cg07797660,1,3239139,0.581299781799,0.943833279738,3.20278501511,-4.22976350784,-0.551487147808,PRDM16,N_Shore
cg13072890,1,2038377,0.581437647343,0.943833279738,1.18013954163,-1.72817575932,-0.551285982132,PRKCZ,N_Shore
cg06258549,1,3274631,0.58213698864,0.943833279738,1.3931555748,-1.98681759834,-0.550265908241,PRDM16,N_Shore
cg26411452,1,2133731,0.584503650665,0.943833279738,-3.71777796745,6.02932786942,0.546818137169,C1orf86,N_Shelf
cg17506588,1,2365491,0.585195600986,0.943833279738,1.10563611984,-2.04932522774,-0.545811414719,,
cg04287755,1,2732366,0.585279941559,0.943833279738,1.93782162666,-2.86118841171,-0.545688688755,,
cg24499605,1,3142925,0.590029537678,0.943833279738,-1.12040936947,2.76230859756,0.538793206215,PRDM16,
cg27391816,1,1672644,0.591136157513,0.943833279738,-0.93793451786,3.96496510506,0.537190318108,SLC35E2,S_Shore
cg17128799,1,2458466,0.592094242573,0.943833279738,0.762311816216,-1.65494835377,-0.535803616047,PANK4,S_Shore
cg09888283,1,2211524,0.593788921833,0.943833279738,-0.604645490646,0.860575854778,0.533353447914,SKI,N_Shore
cg11213235,1,2501708,0.594545722008,0.943833279738,-0.582293868065,1.25540411472,0.532260298729,,
cg05354921,1,3100497,0.594897508621,0.943833279738,0.0985262989998,-1.05975854397,-0.531752347946,PRDM16,N_Shelf
cg01486818,1,2409335,0.595369815826,0.943833279738,0.769606471062,-2.97118067741,-0.531070649624,PLCH2,N_Shore
cg00028507,1,2918106,0.599139213562,0.943833279738,2.62375283241,-7.05542898178,-0.525638759136,,N_Shore
cg24138964,1,2025206,0.599883079529,0.943833279738,-0.657032012939,0.806903660297,0.524568617344,PRKCZ,Island
cg05838104,1,2559371,0.602962970734,0.943833279738,1.05760502815,-1.62673914433,-0.520144402981,MMEL1,N_Shore
cg11687809,1,1962016,0.603306233883,0.943833279738,1.23531758785,-4.24739456177,-0.519651889801,GABRD,S_Shore
cg24301290,1,2397537,0.603736698627,0.943833279738,2.66032958031,-5.77211952209,-0.519034445286,,N_Shore
cg21691065,1,2804835,0.606332957745,0.943833279738,-2.83455681801,3.61173510551,0.515314996243,,
cg07419586,1,1852604,0.606971263885,0.943833279738,1.08682620525,-1.63072252274,-0.514401614666,,S_Shore
cg17474920,1,2882827,0.608652353287,0.943833279738,1.12202322483,-1.7404255867,-0.51199811697,,N_Shelf
cg01203812,1,3081078,0.610348045826,0.943833279738,1.95312619209,-3.51201605797,-0.509576737881,PRDM16,Island
cg05035280,1,1909092,0.610468804836,0.943833279738,0.755380809307,-2.05861783028,-0.509404361248,KIAA1751,N_Shore
cg01508988,1,1310123,0.613735198975,0.943833279738,-0.602432250977,1.88334810734,0.504748940468,AURKAIP1,Island
cg25151559,1,1223442,0.614503741264,0.943833279738,2.29053092003,-3.08378243446,-0.503655135632,SCNN1D,
cg14030836,1,2992620,0.615070164204,0.943833279738,0.322064220905,-0.803865373135,-0.502849400043,PRDM16,S_Shore
cg06201717,1,2949633,0.616558134556,0.943833279738,0.287917047739,-1.67505097389,-0.500734269619,,
cg04847273,1,1957620,0.618212640285,0.943833279738,-3.01692843437,3.74237990379,0.498385101557,GABRD,N_Shore
cg08640824,1,2162506,0.621384084225,0.943833279738,-1.46088993549,1.70721673965,0.493889659643,SKI,S_Shore
cg19770723,1,2174895,0.623541593552,0.943833279738,3.53571176529,-4.45763921738,-0.490837216377,SKI,
cg18141902,1,2781275,0.623586952686,0.943833279738,-1.23365628719,2.33542847633,0.490773051977,,S_Shelf
cg12645236,1,1217159,0.624150931835,0.943833279738,1.69422793388,-2.40170264244,-0.48997592926,SCNN1D,
cg01515136,1,1229589,0.624264419079,0.943833279738,-0.312227785587,0.486574262381,0.489815592766,ACAP3,Island
cg01802295,1,1477194,0.624406158924,0.943833279738,2.7879691124,-5.60834789276,-0.489615261555,SSU72;C1orf70,S_Shore
cg14395520,1,1459028,0.624812722206,0.943833279738,5.11718797684,-6.78721904755,-0.489040941,ATAD3A,Island
cg06080300,1,1563096,0.625163018703,0.943833279738,1.07170414925,-2.16466999054,-0.488546192646,MIB2,N_Shore
cg05375699,1,3245451,0.626617014408,0.943833279738,1.29632616043,-2.15290904045,-0.486493915319,PRDM16,
cg09331144,1,1176376,0.62795650959,0.943833279738,-1.7026873827,2.87256908417,0.484605103731,,N_Shore
cg00152708,1,1104316,0.628272116184,0.943833279738,1.00152897835,-2.38675785065,-0.48416030407,MIR429,S_Shelf
cg21943117,1,2840308,0.628346323967,0.943833279738,-0.941867291927,1.697483778,0.48405572772,,
cg10056813,1,1108860,0.630156993866,0.943833279738,0.272981196642,-0.839814901352,-0.481505900621,TTLL10,N_Shore
cg00992048,1,1695585,0.630175054073,0.943833279738,-0.407267361879,1.48548221588,0.481480449438,NADK,S_Shelf
cg16599817,1,2036283,0.632215380669,0.943833279738,-0.863834559917,2.19943022728,0.478611052036,PRKCZ,N_Shelf
cg10143960,1,1109486,0.63364893198,0.943833279738,-2.0002617836,3.69706392288,0.476597249508,TTLL10,Island
cg08942499,1,2219932,0.634259283543,0.943833279738,-2.43431591988,2.99950027466,0.475740462542,SKI,N_Shelf
cg24085570,1,1397412,0.634915828705,0.943833279738,0.804386794567,-1.81013405323,-0.474819242954,ATAD3C,S_Shore
cg27631599,1,1108820,0.635051250458,0.943833279738,-1.64289546013,2.04829883575,0.474629253149,TTLL10,N_Shore
cg02386723,1,1203167,0.636786282063,0.943833279738,3.7211523056,-4.96138811111,-0.472196877003,UBE2J2,Island
cg14008593,1,1117473,0.637876451015,0.943833279738,2.65062212944,-4.30147314072,-0.470669925213,TTLL10,S_Shore
cg05598010,1,1261797,0.638016045094,0.943833279738,-1.26940798759,3.47726655006,0.470474511385,GLTPD1,N_Shore
cg10707263,1,2379750,0.639222800732,0.943833279738,3.71926879883,-4.7632060051,-0.468785703182,,S_Shelf
cg03771099,1,1917911,0.639451622963,0.943833279738,0.511082649231,-1.34770953655,-0.468465685844,KIAA1751,
cg07693617,1,2081984,0.639461278915,0.943833279738,-1.3995603323,4.44097471237,0.46845215559,PRKCZ,N_Shore
cg06123252,1,1901073,0.641013562679,0.943833279738,0.897481262684,-1.31959271431,-0.466282129288,KIAA1751,S_Shelf
cg07346648,1,1266657,0.643997251987,0.943833279738,1.36129891872,-2.29993152618,-0.462117284536,TAS1R3,N_Shore
cg00695391,1,2525548,0.64442139864,0.943833279738,2.14806389809,-3.54498744011,-0.461525797844,MMEL1,N_Shore
cg19682639,1,1391102,0.645759880543,0.943833279738,-2.16126298904,2.69372677803,0.459660559893,ATAD3C,S_Shore
cg06629702,1,2706960,0.646764934063,0.943833279738,0.622453212738,-1.55197715759,-0.458261013031,,Island
cg16703312,1,1974698,0.647505581379,0.943833279738,-1.69611930847,2.26729416847,0.457230240107,,Island
cg26553501,1,2145276,0.648584663868,0.943833279738,0.537765443325,-1.47809362411,-0.455729275942,,S_Shore
cg06659980,1,3130535,0.650785326958,0.943833279738,1.35872292519,-2.02059578896,-0.452671468258,PRDM16,
cg10623290,1,1912185,0.651228606701,0.943833279738,0.319322884083,-1.19510173798,-0.452056050301,KIAA1751,Island
cg03976712,1,2946727,0.652774453163,0.943833279738,-0.531495094299,0.555420935154,0.449911206961,,
cg11794959,1,1451134,0.653704702854,0.943833279738,-2.40948224068,3.51452708244,0.448621481657,ATAD3A,N_Shore
cg11332951,1,2396472,0.653928697109,0.943833279738,-0.561541855335,1.83292090893,0.448311090469,,N_Shelf
cg19945840,1,1168036,0.654097795486,0.943833279738,0.586888551712,-1.90632987022,-0.448076725006,B3GALT6;SDF4,Island
cg04260676,1,1774322,0.656652331352,0.943833279738,-0.740490674973,2.36228346825,0.444539874792,GNB1,
cg27545787,1,2316653,0.657779812813,0.943833279738,1.37819075584,-4.67586088181,-0.442980498075,MORN1,Island
cg00722329,1,2433226,0.658141314983,0.943833279738,1.30175125599,-2.32812309265,-0.442480832338,PLCH2,N_Shore
cg01559650,1,1907395,0.658804833889,0.943833279738,1.66427838802,-2.27254676819,-0.441563844681,KIAA1751,N_Shelf
cg14712575,1,3248373,0.659936487675,0.943833279738,-3.03781485558,3.70337462425,0.440000861883,PRDM16,
cg22510139,1,3058822,0.660214960575,0.943833279738,-1.07312607765,2.86286425591,0.439616411924,PRDM16,N_Shore
cg13587552,1,1216441,0.660512566566,0.943833279738,1.50624704361,-2.86512947083,-0.439205616713,SCNN1D,
cg22874652,1,1107439,0.660603642464,0.943833279738,2.43285346031,-3.39496779442,-0.439079880714,,N_Shore
cg06395167,1,1268243,0.660921037197,0.943833279738,-1.25036537647,1.81537699699,0.438641905785,TAS1R3,Island
cg20776977,1,2564584,0.664344072342,0.944314101734,1.89378499985,-2.57074332237,-0.43392342329,MMEL1,S_Shelf
cg07220650,1,2336575,0.66645771265,0.944314101734,1.76816523075,-2.38506555557,-0.431014657021,PEX10;RER1,N_Shelf
cg17806162,1,2472133,0.66679674387,0.944314101734,-0.774198710918,1.17349803448,0.430548399687,,Island
cg00095688,1,2003864,0.668845832348,0.944314101734,2.60018920898,-3.68516302109,-0.427732527256,PRKCZ,N_Shore
cg12701697,1,1914707,0.670166492462,0.944314101734,0.200092881918,-0.523920357227,-0.425919473171,KIAA1751,S_Shore
cg23803603,1,2058230,0.671065568924,0.944314101734,0.87089151144,-2.41035628319,-0.424686044455,PRKCZ,
cg07701579,1,2262232,0.671414971352,0.944314101734,1.81595408916,-2.65294671059,-0.424206793308,MORN1,N_Shelf
cg03400623,1,1297240,0.67161989212,0.944314101734,-2.7742099762,3.31943082809,0.423925876617,,
cg17132079,1,1294140,0.671961545944,0.944314101734,2.25815367699,-2.98343491554,-0.423457413912,MXRA8,S_Shelf
cg09021225,1,1946325,0.673167705536,0.944337735328,1.72559726238,-3.76237821579,-0.421804517508,,
cg10219789,1,2092526,0.674887359142,0.944513136838,-0.437974333763,0.613593757153,0.41944989562,PRKCZ,
cg08732466,1,2982592,0.678257405758,0.944513136838,-2.31582689285,3.4667224884,0.414842247963,FLJ42875,N_Shore
cg08142858,1,2718742,0.681760728359,0.944513136838,0.60741341114,-1.09383046627,-0.410061627626,,S_Shore
cg25304754,1,2014547,0.683066666126,0.944513136838,2.17150568962,-3.167791605,-0.408281952143,PRKCZ,
cg24576260,1,1217664,0.683420836926,0.944513136838,-2.21650981903,2.77528381348,0.407799571753,SCNN1D,
cg26876101,1,2321877,0.685942351818,0.944513136838,-1.44570600986,2.09761095047,0.404367744923,MORN1;RER1,N_Shore
cg11225330,1,1196747,0.687934577465,0.944513136838,1.80078995228,-2.44487476349,-0.401659548283,LOC100128842;UBE2J2,
cg16243652,1,2629249,0.68796145916,0.944513136838,1.58163034916,-2.27972149849,-0.401623040438,,
cg24295985,1,2431385,0.688364267349,0.944513136838,0.260842531919,-0.577113509178,-0.401075869799,PLCH2,N_Shelf
cg14076971,1,2137665,0.68854033947,0.944513136838,-0.782947659492,0.85801678896,0.400836735964,C1orf86,S_Shore
cg19236794,1,1181769,0.688817858696,0.944513136838,-1.25744378567,1.72977924347,0.400459855795,FAM132A,Island
cg06203720,1,1309641,0.691657960415,0.944513136838,1.10857963562,-1.58482193947,-0.396606087685,AURKAIP1,Island
cg00804934,1,2572713,0.694185435772,0.944513136838,0.0564203001559,-0.435455799103,-0.393181473017,,N_Shore
cg19768036,1,1464063,0.695141911507,0.944513136838,-2.10947179794,4.02075910568,0.391886711121,ATAD3A,N_Shore
cg24460544,1,3085446,0.695841014385,0.944513136838,-1.27298557758,3.66784024239,0.390940755606,PRDM16,
cg13388191,1,3059137,0.696056187153,0.944513136838,-1.62651371956,1.8619235754,0.390649735928,PRDM16,Island
cg01512113,1,1680232,0.696821808815,0.944513136838,0.0416054278612,-0.64086586237,-0.389614284039,,S_Shore
cg16355231,1,2344979,0.698493778706,0.944513136838,0.21011826396,-1.45101857185,-0.387354493141,PEX10,N_Shore
cg19910128,1,1496936,0.698588967323,0.944513136838,0.438254594803,-2.42735314369,-0.38722589612,SSU72,Island
cg15260978,1,1685832,0.69918513298,0.944513136838,-0.358388870955,0.431581050158,0.386420696974,NADK,Island
cg05755889,1,3089076,0.699289917946,0.944513136838,0.329113930464,-1.53275990486,-0.386279135942,PRDM16,
cg04120680,1,3213486,0.699463129044,0.944513136838,0.281797945499,-0.570797204971,-0.386045277119,PRDM16,
cg14984126,1,2409866,0.705426096916,0.949400789455,1.69846618176,-2.75178837776,-0.378006011248,PLCH2,Island
cg24150662,1,2949673,0.70547413826,0.949400789455,-0.428912699223,1.71377182007,0.377941399813,,
cg02828779,1,2936585,0.709475398064,0.950326808108,0.859140276909,-2.78935813904,-0.372560739517,ACTRT2,N_Shelf
cg24577455,1,2069012,0.710026800632,0.950326808108,0.298859775066,-1.26980113983,-0.371820122004,PRKCZ,S_Shelf
cg25144135,1,1144012,0.712993621826,0.950326808108,-1.28076958656,2.21129131317,0.367838591337,,N_Shore
cg11712991,1,2801389,0.713855803013,0.950326808108,0.314796328545,-2.14877128601,-0.366682559252,,
cg03500433,1,2257466,0.713979065418,0.950326808108,0.465999126434,-1.00432038307,-0.366517364979,MORN1,N_Shore
cg20744353,1,2724584,0.714375376701,0.950326808108,-1.99191665649,2.3754067421,0.365986168385,,
cg25605174,1,1106175,0.715735554695,0.950326808108,0.293565839529,-1.73132586479,-0.364163964987,,N_Shelf
cg25137787,1,2863815,0.716321051121,0.950326808108,-0.769267618656,0.889806389809,0.363379955292,,
cg25150520,1,3142530,0.716934204102,0.950326808108,0.0624899342656,-0.715511798859,-0.362559169531,PRDM16,
cg26857521,1,2350123,0.719061017036,0.951557412545,0.70552778244,-1.45158326626,-0.359714031219,,S_Shelf
cg07381283,1,2391837,0.724099993706,0.952069617881,1.11724758148,-1.60813498497,-0.35298460722,,S_Shelf
cg02295527,1,3203769,0.724855899811,0.952069617881,1.89843177795,-2.58265662193,-0.351976454258,PRDM16,Island
cg15491247,1,3230424,0.726985692978,0.952069617881,-1.06409406662,1.81873548031,0.349138051271,PRDM16,
cg24557048,1,2063799,0.728783667088,0.952069617881,-0.910042345524,3.66167068481,0.346743971109,PRKCZ,Island
cg17084044,1,1150416,0.73004758358,0.952069617881,-1.27465498447,1.41874337196,0.345062196255,TNFRSF4,S_Shore
cg05929117,1,1983033,0.730170071125,0.952069617881,-1.61818480492,1.898026824,0.344899296761,PRKCZ,Island
cg05461259,1,2344699,0.730367124081,0.952069617881,0.127522110939,-0.564619064331,-0.344637185335,PEX10,Island
cg21265770,1,1631037,0.730563759804,0.952069617881,-0.510623931885,0.657243728638,0.344375699759,CDK11B;MMP23A,N_Shore
cg06380199,1,3228966,0.731184720993,0.952069617881,-1.70452463627,2.96507120132,0.343549996614,PRDM16,
cg09126090,1,1534514,0.731438875198,0.952069617881,0.722615242004,-1.72524869442,-0.343212097883,,Island
cg20165545,1,3166599,0.733958780766,0.953456827627,0.580793201923,-1.46602666378,-0.339864194393,PRDM16,S_Shore
cg02709725,1,1142617,0.735948801041,0.953456827627,2.28670883179,-3.21042490005,-0.337222993374,TNFRSF18,S_Shore
cg13875033,1,3236688,0.737706780434,0.953456827627,-1.20149099827,1.49065041542,0.334891706705,PRDM16,N_Shelf
cg03337482,1,3282449,0.737952828407,0.953456827627,1.2204054594,-2.95421719551,-0.334565579891,PRDM16,
cg12415455,1,2846998,0.740771770477,0.953456827627,-2.35115933418,2.74603295326,0.33083152771,,N_Shore
cg11737757,1,2885168,0.742458820343,0.953456827627,-2.08105802536,2.51407146454,0.328598946333,,Island
cg00106196,1,3172684,0.74283427,0.953456827627,1.69954121113,-2.27904057503,-0.328102380037,PRDM16,
cg26609236,1,1949354,0.743285477161,0.953456827627,-1.68799352646,1.94867396355,0.327505618334,GABRD,N_Shore
cg04520340,1,2005132,0.743312060833,0.953456827627,-2.0067691803,2.43681359291,0.327470481396,PRKCZ,N_Shore
cg24641654,1,1860337,0.747558832169,0.957357601197,-2.27256703377,2.8616297245,0.321859896183,,S_Shore
cg00825734,1,1217511,0.749116122723,0.957712691295,0.4605076015,-0.835468351841,-0.319805055857,SCNN1D,
cg25139649,1,2165579,0.750399649143,0.957712691295,-0.269646078348,0.336499422789,0.318112462759,SKI,
cg00205605,1,2516401,0.751652538776,0.957712691295,-1.36996686459,2.45749092102,0.316461086273,,N_Shore
cg10511255,1,2976777,0.753201842308,0.957712691295,-0.817823648453,1.24707996845,0.314420282841,FLJ42875,N_Shelf
cg01894875,1,2121521,0.756655097008,0.957712691295,-1.99308609962,2.33035755157,0.309876203537,LOC100128003;C1orf86,Island
cg07924154,1,1855209,0.756798565388,0.957712691295,-2.07199525833,2.53349494934,0.309687554836,,S_Shelf
cg02347356,1,1983003,0.757745265961,0.957712691295,1.33960318565,-2.16454219818,-0.308442980051,PRKCZ,Island
cg06866616,1,2455264,0.759060680866,0.957712691295,-0.526284754276,1.01268327236,0.306714504957,PANK4,N_Shore
cg24535439,1,1566351,0.760124027729,0.957712691295,-0.864328384399,0.935356974602,0.30531796813,MMP23B,Island
cg16652392,1,1826227,0.760197043419,0.957712691295,1.01049423218,-1.37472581863,-0.305222034454,,S_Shelf
cg10380643,1,1356764,0.761104166508,0.957712691295,-0.933784723282,2.10226392746,0.304031163454,LOC441869,S_Shore
cg08161163,1,1372677,0.764813542366,0.95793571084,-0.306348860264,0.69798630476,0.299165815115,VWA1,N_Shore
cg21290290,1,2518275,0.764956831932,0.95793571084,-0.297792464495,0.389357149601,0.298978000879,C1orf93,Island
cg13102658,1,2324224,0.765798568726,0.95793571084,0.168904408813,-0.636660337448,-0.297875016928,RER1;MORN1,S_Shore
cg24163210,1,1713944,0.769827961922,0.95793571084,0.872130095959,-2.27425527573,-0.292599916458,,Island
cg18369939,1,3239916,0.770401775837,0.95793571084,-0.260825425386,0.458322227001,0.291849374771,PRDM16,Island
cg00088251,1,1449754,0.770515918732,0.95793571084,1.29003739357,-1.87017822266,-0.291700124741,ATAD3A,S_Shore
cg22726349,1,2990678,0.77207171917,0.95793571084,1.41280972958,-2.06472325325,-0.289666086435,PRDM16,Island
cg22364929,1,1846154,0.772193193436,0.95793571084,-0.669662117958,0.765520811081,0.289507299662,CALML6,N_Shelf
cg07114422,1,2183438,0.772932946682,0.95793571084,-1.80651366711,2.56384849548,0.28854060173,SKI,
cg23050300,1,3281321,0.774010539055,0.95793571084,-0.257776230574,0.235468521714,0.287132948637,PRDM16,
cg04126957,1,1479238,0.775421082973,0.95793571084,0.359914660454,-1.38845646381,-0.285291194916,SSU72,S_Shelf
cg19091116,1,1959497,0.777078747749,0.95793571084,-1.12216448784,1.50382566452,0.283127993345,GABRD,Island
cg10520226,1,2811554,0.77755343914,0.95793571084,0.427666187286,-2.11133384705,-0.282508730888,,
cg00312809,1,2028213,0.778171956539,0.95793571084,1.56727087498,-2.58939576149,-0.281702101231,PRKCZ,S_Shore
cg01428437,1,1852164,0.779847621918,0.958512402171,-0.406714558601,1.34541082382,0.279517650604,TMEM52,S_Shore
cg07230639,1,2772363,0.785241246223,0.963649999229,-2.66625142097,3.40805435181,0.272495210171,,Island
cg03885431,1,3153144,0.794753849506,0.965792673229,-1.31165528297,1.67685866356,0.260142505169,PRDM16,N_Shelf
cg15825127,1,1957073,0.796468734741,0.965792673229,0.77656775713,-2.06057882309,-0.257919847965,GABRD,Island
cg08615111,1,2435555,0.796591103077,0.965792673229,-1.52169644833,1.74171900749,0.257761359215,PLCH2,Island
cg05603985,1,2161049,0.797520160675,0.965792673229,0.236745938659,-1.33757174015,-0.256557822227,SKI,Island
cg03389046,1,2839220,0.80015206337,0.965792673229,0.826546669006,-1.19621574879,-0.25315028429,,
cg23891364,1,1207789,0.801516413689,0.965792673229,-0.763285934925,1.7010550499,0.251385092735,UBE2J2,N_Shore
cg14661139,1,1195569,0.802259147167,0.965792673229,-1.59550845623,1.97986674309,0.250424385071,LOC100128842;UBE2J2,
cg06219660,1,1695509,0.802336812019,0.965792673229,-1.0454069376,1.33294129372,0.250323981047,NADK,S_Shelf
cg05573412,1,3238152,0.802402257919,0.965792673229,-1.03621506691,1.4266307354,0.250239372253,PRDM16,N_Shore
cg00806481,1,2996650,0.804729402065,0.965792673229,0.723505795002,-1.68619287014,-0.247231081128,PRDM16,N_Shore
cg22948959,1,2509272,0.804826557636,0.965792673229,-0.618765056133,0.753871560097,0.247105538845,,
cg07624812,1,1266781,0.805472314358,0.965792673229,-2.03705906868,2.66748356819,0.246271193027,TAS1R3,N_Shore
cg08039751,1,2424656,0.805827736855,0.965792673229,0.427418202162,-1.20539748669,-0.245812028646,PLCH2,
cg17740752,1,2529902,0.806117594242,0.965792673229,0.64500951767,-1.1003537178,-0.24543762207,MMEL1,S_Shelf
cg09752779,1,1963970,0.806571722031,0.965792673229,-0.605070710182,1.53944826126,0.244851097465,,S_Shelf
cg00409816,1,2037476,0.807495713234,0.965792673229,-1.1051325798,1.37198889256,0.243658006191,PRKCZ,N_Shore
cg18188739,1,2058941,0.809326410294,0.965792673229,0.439083009958,-2.1830227375,-0.241295069456,PRKCZ,
cg24741158,1,2844168,0.80934035778,0.965792673229,0.464470773935,-1.32449138165,-0.241277128458,,N_Shelf
cg09027255,1,2796193,0.810563027859,0.965792673229,-0.794812619686,1.35769307613,0.239699780941,,
cg13789673,1,3195765,0.812051713467,0.965792673229,0.450072854757,-0.799986541271,-0.237780049443,PRDM16,Island
cg05368971,1,2321364,0.813485920429,0.965792673229,-0.481277048588,0.535632908344,0.235931366682,MORN1,N_Shore
cg10061384,1,2466275,0.813747227192,0.965792673229,0.195712804794,-0.418861985207,-0.235594645143,,N_Shore
cg06853416,1,2778841,0.8174046278,0.967468060198,0.444472581148,-1.12019050121,-0.230884417892,,S_Shore
cg26798702,1,1373044,0.817784965038,0.967468060198,0.379575967789,-0.722050607204,-0.230394825339,VWA1,N_Shore
cg12524640,1,2983056,0.818814277649,0.967468060198,-0.642464637756,1.65444028378,0.229070305824,FLJ42875,N_Shore
cg01977798,1,2886792,0.821513473988,0.969215004972,-0.206903040409,0.34680968523,0.225598782301,,Island
cg11977488,1,1858286,0.824376642704,0.970643620668,-0.229240834713,0.364230066538,0.221919357777,,N_Shore
cg01198994,1,1294629,0.825169324875,0.970643620668,-1.07953178883,2.2291264534,0.220901235938,MXRA8,S_Shelf
cg08426733,1,1376740,0.829007923603,0.971882642106,-0.420847266912,0.99303740263,0.215974092484,VWA1,S_Shore
cg03254465,1,3240227,0.832055449486,0.971882642106,0.985809862614,-1.90940654278,-0.212066099048,PRDM16,Island
cg01441699,1,2848427,0.833438098431,0.971882642106,-1.01659679413,1.46510970592,0.210294172168,,S_Shore
cg09475276,1,2716965,0.833930671215,0.971882642106,-0.276458472013,0.347586661577,0.209663078189,,Island
cg12096707,1,3073714,0.837123632431,0.971882642106,-1.47284460068,2.08010292053,0.205574080348,PRDM16,S_Shore
cg12750103,1,2559320,0.838218688965,0.971882642106,-1.08078896999,1.28340768814,0.20417252183,MMEL1,N_Shore
cg01852476,1,2232063,0.841485917568,0.971882642106,0.24878628552,-0.509568333626,-0.19999319315,SKI,N_Shore
cg00060374,1,1355235,0.841810405254,0.971882642106,0.520595133305,-0.844404280186,-0.199578255415,LOC441869,Island
cg05642789,1,1564482,0.844286262989,0.971882642106,-0.01121725142,-0.37641492486,-0.196413874626,MIB2,Island
cg05355142,1,1851372,0.846240818501,0.971882642106,0.696244835854,-1.3742415905,-0.193917095661,TMEM52,Island
cg05725148,1,3217094,0.846588373184,0.971882642106,-0.959017217159,1.27454936504,0.193473234773,PRDM16,
cg13491144,1,2954108,0.847767591476,0.971882642106,-0.418858081102,0.918110489845,0.191967576742,,
cg17435831,1,2082522,0.849079608917,0.971882642106,0.188385903835,-1.24355387688,-0.190292879939,PRKCZ,Island
cg22029284,1,3077356,0.84962952137,0.971882642106,0.0731548890471,-0.817265152931,-0.189591169357,PRDM16,N_Shelf
cg24525340,1,1877535,0.850526154041,0.971882642106,0.256105154753,-0.804615020752,-0.188447162509,,S_Shore
cg15605124,1,3230250,0.850975453854,0.971882642106,0.527563095093,-0.897146463394,-0.18787394464,PRDM16,
cg01755342,1,1845396,0.852141559124,0.971882642106,0.312755733728,-0.609607279301,-0.186386659741,CALML6,
cg12407057,1,1366206,0.854440569878,0.971882642106,0.254949271679,-0.556507110596,-0.183455556631,,S_Shelf
cg13941555,1,2565265,0.854532003403,0.971882642106,-0.63368844986,0.791861057281,0.183339029551,MMEL1,
cg21394778,1,3037102,0.859880447388,0.971882642106,-0.300819516182,0.280013799667,0.176526382565,PRDM16,N_Shore
cg00014118,1,1935561,0.860182464123,0.971882642106,-0.285776525736,0.595192670822,0.176141902804,KIAA1751,S_Shore
cg20236995,1,3071963,0.861802995205,0.971882642106,0.704397678375,-1.15587747097,-0.174079492688,PRDM16,Island
cg07478007,1,1411602,0.862041115761,0.971882642106,-0.320378005505,0.696562170982,0.173776462674,ATAD3B,N_Shelf
cg15080866,1,2705124,0.863009750843,0.971882642106,-0.447369009256,1.21333110332,0.172544181347,,N_Shore
cg04146995,1,2001651,0.864533662796,0.971882642106,0.213690429926,-0.471230477095,-0.170605868101,PRKCZ,N_Shelf
cg24700472,1,2118131,0.86490136385,0.971882642106,-0.645701825619,0.733534574509,0.170138299465,C1orf86,S_Shore
cg22517356,1,1361216,0.865395069122,0.971882642106,-1.03605544567,1.23034214973,0.169510543346,TMEM88B,N_Shore
cg07211239,1,1490809,0.865518331528,0.971882642106,0.0718871504068,-0.391541779041,-0.169353798032,SSU72,S_Shore
cg12108798,1,1173916,0.86664301157,0.971882642106,-0.992630183697,1.11992228031,0.167924076319,,Island
cg06322310,1,2436214,0.868206262589,0.971882642106,0.271400094032,-0.804205358028,-0.165937319398,PLCH2,S_Shore
cg13300670,1,2896834,0.870370984077,0.971882642106,-0.277100563049,0.246882677078,0.163187250495,,
cg24495298,1,1897785,0.870794713497,0.971882642106,0.332724899054,-0.637579381466,-0.162649095058,KIAA1751,Island
cg24312874,1,2727945,0.872713327408,0.971882642106,0.541276395321,-1.18113279343,-0.160212993622,,
cg06738239,1,2789089,0.875725448132,0.971882642106,-0.547115385532,0.592149794102,0.156390205026,,
cg20300514,1,2120985,0.881093800068,0.971882642106,0.13682743907,-0.361604988575,-0.149582773447,LOC100128003;C1orf86,N_Shore
cg24807850,1,3165391,0.882375776768,0.971882642106,-0.587862253189,0.783356249332,0.147958159447,PRDM16,S_Shore
cg17426766,1,2046864,0.884725868702,0.971882642106,-0.0744600594044,-0.17386880517,-0.144981041551,PRKCZ,Island
cg08109625,1,2036643,0.88512980938,0.971882642106,-0.809472441673,1.0560656786,0.144469425082,PRKCZ,N_Shore
cg02050973,1,1852238,0.885881662369,0.971882642106,0.216916203499,-0.53346568346,-0.143517255783,TMEM52,S_Shore
cg27185793,1,1238797,0.885958135128,0.971882642106,0.173045769334,-0.458316743374,-0.14342045784,ACAP3,N_Shelf
cg16366262,1,1118157,0.887717425823,0.971882642106,0.337218135595,-0.620985746384,-0.141193047166,TTLL10,S_Shelf
cg10129768,1,2411004,0.889487266541,0.971882642106,-1.12372243404,1.28686630726,0.138953045011,PLCH2,N_Shore
cg06085743,1,1245014,0.889910399914,0.971882642106,1.0346237421,-1.44704520702,-0.138417601585,PUSL1,Island
cg08262220,1,2995506,0.890403687954,0.971882642106,0.397280186415,-0.668409883976,-0.137793436646,PRDM16,N_Shore
cg00667048,1,2314670,0.892199754715,0.971882642106,-1.14288902283,1.26984512806,0.135521218181,MORN1,N_Shore
cg10115148,1,2872908,0.892621994019,0.971882642106,-0.279776543379,0.473799228668,0.134987235069,,N_Shelf
cg21118819,1,1287259,0.892694115639,0.971882642106,0.254862219095,-0.543387770653,-0.134895980358,,S_Shore
cg10784110,1,1173356,0.895214140415,0.971882642106,-0.363172352314,0.56935274601,0.131709426641,,N_Shore
cg25037000,1,2931557,0.895648658276,0.971882642106,0.211664393544,-0.487185567617,-0.131160080433,,S_Shelf
cg27573975,1,2463873,0.896187663078,0.971882642106,-0.495749801397,0.784649610519,0.13047875464,,S_Shore
cg03847348,1,2413705,0.89678132534,0.971882642106,-0.965324640274,1.03156769276,0.129728376865,PLCH2,N_Shore
cg15090440,1,3099233,0.902280032635,0.971882642106,-0.329132437706,0.308061778545,0.122781634331,PRDM16,N_Shelf
cg09767587,1,1976124,0.902370452881,0.971882642106,0.0570974759758,-0.62830388546,-0.122667469084,,Island
cg00407413,1,2332075,0.902425050735,0.971882642106,0.0296485908329,-0.578882873058,-0.122598476708,RER1,N_Shore
cg10219957,1,1851416,0.904448270798,0.971882642106,0.518980681896,-0.994467318058,-0.120044007897,TMEM52,S_Shore
cg10204861,1,2482908,0.905064880848,0.971882642106,0.0154458032921,-0.36745172739,-0.119265668094,LOC115110,
cg24807889,1,1135955,0.905200362206,0.971882642106,0.0833628997207,-0.305054664612,-0.119094692171,,N_Shore
cg18108844,1,2716235,0.906338274479,0.971882642106,-0.611976027489,0.685050368309,0.117658495903,,N_Shore
cg02230408,1,2722326,0.908845722675,0.971882642106,-0.170927554369,0.0970812737942,0.11449457705,,
cg11521998,1,1536054,0.908862352371,0.971882642106,0.27412930131,-0.595192193985,-0.11447365582,,Island
cg03606098,1,1690840,0.909479677677,0.971882642106,-0.408706337214,0.564953923225,0.113694883883,NADK,N_Shore
cg22440573,1,3163985,0.910603702068,0.971882642106,-0.657488942146,0.724721252918,0.112277083099,PRDM16,Island
cg10542127,1,2378521,0.910661637783,0.971882642106,-0.548271119595,0.775428175926,0.112203985453,,S_Shelf
cg01101873,1,3269478,0.91181999445,0.971882642106,-0.168466106057,0.119324430823,0.110743179917,PRDM16,
cg01418153,1,3240129,0.912367582321,0.971882642106,-0.843471109867,0.861006975174,0.110052719712,PRDM16,Island
cg14171516,1,2252860,0.912553846836,0.971882642106,-0.376193881035,0.449223458767,0.10981785506,MORN1,N_Shore
cg14129430,1,2387934,0.915528297424,0.971882642106,0.286574095488,-0.608206450939,-0.106068126857,,Island
cg12208770,1,1361666,0.916203022003,0.971882642106,0.466622233391,-0.840793609619,-0.105217777193,TMEM88B,Island
cg22712408,1,3039662,0.916757762432,0.971882642106,0.0642026141286,-0.474381506443,-0.104518644512,PRDM16,S_Shore
cg12085977,1,2705733,0.916814446449,0.971882642106,-0.0032788219396,-0.422451555729,-0.104447238147,,N_Shore
cg14287724,1,1105518,0.916820049286,0.971882642106,0.576337635517,-1.03032290936,-0.104440182447,,N_Shelf
cg00030604,1,2379831,0.917245268822,0.971882642106,-0.304578453302,0.327681005001,0.103904359043,,
cg13463719,1,2717754,0.917462527752,0.971882642106,-0.363813757896,1.03448176384,0.103630565107,,S_Shore
cg12443001,1,2467281,0.918593049049,0.971882642106,-0.297400027514,0.590036213398,0.102206133306,,S_Shore
cg15451548,1,2144873,0.919271051884,0.971882642106,-0.178225293756,0.337209612131,0.101351976395,,S_Shore
cg23648809,1,2106400,0.919868767262,0.971882642106,-0.357283592224,0.402117282152,0.100599050522,PRKCZ,
cg26227225,1,2121039,0.922334074974,0.971882642106,0.00586500344798,-0.659265398979,-0.0974940285087,LOC100128003;C1orf86,Island
cg17866257,1,2273895,0.922520041466,0.971882642106,-0.00316858175211,-0.492832571268,-0.0972598716617,MORN1,N_Shelf
cg06532546,1,2886654,0.922921299934,0.971882642106,0.294091939926,-0.632197082043,-0.0967545583844,,Island
cg10119342,1,1222184,0.925927817822,0.973634286375,-0.625652730465,0.65468031168,0.092969506979,SCNN1D,
cg13966547,1,2406284,0.92703717947,0.973634286375,0.51610326767,-0.842311799526,-0.0915731787682,PLCH2,N_Shelf
cg00211609,1,1178039,0.930534541607,0.97376858941,-0.0766257718205,-0.120232582092,-0.0871723070741,FAM132A,Island
cg23022809,1,2230923,0.93062800169,0.97376858941,0.417092591524,-0.701543450356,-0.087054759264,SKI,N_Shore
cg09808235,1,2542588,0.93150562048,0.97376858941,0.135837286711,-0.351900488138,-0.0859506577253,MMEL1,
cg19356624,1,2386965,0.935888648033,0.97376858941,0.592878937721,-0.890503227711,-0.0804383382201,,N_Shore
cg22502001,1,2360018,0.938758134842,0.97376858941,-0.474125891924,0.527659714222,0.0768308341503,,Island
cg13204758,1,1889213,0.93890619278,0.97376858941,-0.484568089247,0.632642745972,0.0766447335482,KIAA1751,S_Shelf
cg04758387,1,1851384,0.939100980759,0.97376858941,0.263433784246,-0.576621413231,-0.0763998329639,TMEM52,Island
cg24057775,1,2838930,0.939439058304,0.97376858941,-0.197002351284,0.45640155673,0.0759749114513,,
cg11142617,1,2324205,0.939792990685,0.97376858941,0.0290522072464,-0.228853419423,-0.0755300298333,RER1;MORN1,S_Shore
cg24105782,1,1957385,0.941932320595,0.97376858941,-0.00958610419184,-0.158008471131,-0.0728413835168,GABRD,Island
cg17468855,1,2336721,0.944981336594,0.97376858941,-0.231193885207,0.355731010437,0.0690103769302,PEX10;RER1,N_Shelf
cg09857070,1,2822901,0.945333123207,0.97376858941,-0.244766324759,0.186013877392,0.0685684531927,,
cg14086822,1,2724609,0.945781946182,0.97376858941,0.0787286162376,-0.234168112278,-0.0680046230555,,
cg21609526,1,3105151,0.946389853954,0.97376858941,-0.172992661595,0.197193548083,0.0672409832478,PRDM16,Island
cg09556700,1,2230668,0.946644902229,0.97376858941,-0.27656853199,0.418695181608,0.0669206008315,SKI,N_Shore
cg24256745,1,3196029,0.946787595749,0.97376858941,0.133737653494,-0.334606289864,-0.066741399467,PRDM16,Island
cg18565510,1,1238702,0.951954424381,0.977816058161,-0.444146335125,0.440538793802,0.0602526143193,ACAP3,N_Shelf
cg10391102,1,3206316,0.955970883369,0.980672973379,0.0473637208343,-0.227617993951,-0.0552103295922,PRDM16,S_Shore
cg10493186,1,3134756,0.958547472954,0.981984287002,-0.336530357599,0.307307332754,0.0519764237106,PRDM16,
cg15736449,1,1248342,0.9600507617,0.981984287002,-0.000108580286906,-0.205928385258,-0.0500899031758,CPSF3L,Island
cg06128920,1,1447374,0.960959434509,0.981984287002,-0.176496639848,0.137720137835,0.0489496514201,ATAD3A,Island
cg08247866,1,3096529,0.963224351406,0.983033592566,0.0690883770585,-0.29275482893,-0.0461077950895,PRDM16,
cg09668627,1,1371844,0.96486222744,0.983441089329,-0.036668304354,-0.117766402662,-0.0440529286861,VWA1,S_Shore
cg20411340,1,1175370,0.967667162418,0.985035547385,-0.170776665211,0.210192993283,0.0405343174934,,S_Shore
cg10376814,1,2310230,0.971612811089,0.985653966475,-0.024396058172,-0.138232171535,-0.0355855673552,MORN1,
cg00546248,1,2412743,0.971884548664,0.985653966475,-0.210638046265,0.148490309715,0.0352447554469,PLCH2,S_Shore
cg20066001,1,2406733,0.971998810768,0.985653966475,-0.254307031631,0.214444935322,0.0351015292108,PLCH2,N_Shelf
cg18852096,1,1564425,0.975818753242,0.988265421013,0.128778517246,-0.325206905603,-0.0303113479167,MIB2,Island
cg06853697,1,1868638,0.978688716888,0.989909351859,-0.143079832196,0.0363638363779,0.0267128963023,,
cg01806151,1,2470965,0.980334997177,0.990312961525,-0.233441025019,0.163657516241,0.0246489346027,,N_Shore
cg01800445,1,3129115,0.984055459499,0.99280817642,-0.0806009620428,-0.0718977674842,-0.019984845072,PRDM16,
cg16022081,1,2564329,0.986339747906,0.993849949032,-0.0899440944195,-0.045026447624,-0.0171213988215,MMEL1,S_Shelf
cg23258188,1,3075846,0.989588439465,0.995859595608,-0.151657998562,0.0522848665714,0.0130493082106,PRDM16,S_Shelf
cg20978193,1,1227307,0.992391169071,0.997415934484,-0.0708818361163,-0.0706822946668,-0.00953637529165,SCNN1D,N_Shore
cg21391741,1,2561054,0.995449542999,0.999006450176,-0.125087797642,0.014064845629,0.00570319825783,MMEL1,Island
cg12810734,1,1139603,0.997663497925,0.999006450176,-0.130740985274,0.0160246919841,0.00292840856127,TNFRSF18,N_Shelf
cg20823695,1,2345410,0.998645663261,0.999006450176,-0.119565978646,-0.00207582046278,-0.00169741024729,PEX10,N_Shore
cg00157179,1,2383687,0.999006450176,0.999006450176,-0.113202944398,-0.00822638440877,-0.0012452644296,,N_Shelf
